"service_id","monday","tuesday","wednesday","thursday","friday","saturday","sunday","start_date","end_date"
1,0,0,0,0,0,0,0,20201008,20201212
2,0,0,0,0,0,0,0,20201008,20201212
3,0,0,0,0,0,0,0,20201008,20201212
4,0,0,0,0,0,0,0,20201008,20201212
5,0,0,0,0,0,0,0,20201008,20201212
6,0,0,0,0,0,0,0,20201008,20201212
7,0,0,0,0,0,0,0,20201008,20201212
8,0,0,0,0,0,0,0,20201008,20201212
9,0,0,0,0,0,0,0,20201008,20201212
10,0,0,0,0,0,0,0,20201008,20201212
11,0,0,0,0,0,0,0,20201008,20201212
12,0,0,0,0,0,0,0,20201008,20201212
13,0,0,0,0,0,0,0,20201008,20201212
14,0,0,0,0,0,0,0,20201008,20201212
15,0,0,0,0,0,0,0,20201008,20201212
16,0,0,0,0,0,0,0,20201008,20201212
17,0,0,0,0,0,0,0,20201008,20201212
18,0,0,0,0,0,0,0,20201008,20201212
19,0,0,0,0,0,0,0,20201008,20201212
20,0,0,0,0,0,0,0,20201008,20201212
21,0,0,0,0,0,1,1,20201008,20201212
22,1,1,1,1,1,0,0,20201008,20201212
23,0,0,0,0,0,0,0,20201008,20201212
24,1,1,1,1,1,0,0,20201008,20201212
25,1,1,1,1,1,0,0,20201008,20201212
26,1,1,1,1,1,0,0,20201008,20201212
27,0,0,0,0,0,0,0,20201008,20201212
28,0,0,0,0,0,1,0,20201008,20201212
29,0,0,0,0,0,1,0,20201008,20201212
30,0,0,0,0,0,1,1,20201008,20201212
31,0,0,0,0,0,1,0,20201008,20201212
32,0,0,0,0,0,0,1,20201008,20201212
33,0,0,0,0,0,0,1,20201008,20201212
34,0,0,0,0,0,0,0,20201008,20201212
35,0,0,0,0,0,0,0,20201008,20201212
36,0,0,0,0,0,0,0,20201008,20201212
37,0,0,0,0,0,0,0,20201008,20201212
38,0,0,0,0,0,0,0,20201008,20201212
39,0,0,0,0,0,1,0,20201008,20201212
40,0,0,0,0,0,0,1,20201008,20201212
41,1,1,1,1,1,0,0,20201008,20201212
42,0,0,0,0,0,1,1,20201008,20201212
43,1,1,1,1,1,1,1,20201008,20201212
44,1,1,1,1,1,1,1,20201008,20201212
45,0,0,0,0,0,0,0,20201008,20201212
46,0,0,0,0,0,0,0,20201008,20201212
47,0,0,0,0,0,0,0,20201008,20201212
48,0,0,0,0,0,0,0,20201008,20201212
49,0,0,0,0,0,0,0,20201008,20201212
50,0,0,0,0,0,0,0,20201008,20201212
51,0,0,0,0,0,0,0,20201008,20201212
52,0,0,0,0,0,0,0,20201008,20201212
53,0,0,0,0,0,0,0,20201008,20201212
54,0,0,0,0,0,0,0,20201008,20201212
55,0,0,0,0,0,0,0,20201008,20201212
56,0,0,0,0,0,0,0,20201008,20201212
57,0,0,0,0,0,0,0,20201008,20201212
58,0,0,0,0,0,0,0,20201008,20201212
59,0,0,0,0,0,0,0,20201008,20201212
60,0,0,0,0,0,0,0,20201008,20201212
61,0,0,0,0,0,0,0,20201008,20201212
62,0,0,0,0,0,0,0,20201008,20201212
63,0,0,0,0,0,0,0,20201008,20201212
64,0,0,0,0,0,0,0,20201008,20201212
65,0,0,0,0,0,0,0,20201008,20201212
66,0,0,0,0,0,0,0,20201008,20201212
67,0,0,0,0,0,0,0,20201008,20201212
68,0,0,0,0,0,0,0,20201008,20201212
69,0,0,0,0,0,0,0,20201008,20201212
70,0,0,0,0,0,0,0,20201008,20201212
71,0,0,0,0,0,0,0,20201008,20201212
72,0,0,0,0,0,0,0,20201008,20201212
73,0,0,0,0,0,0,0,20201008,20201212
74,0,0,0,0,0,0,0,20201008,20201212
75,0,0,0,0,0,0,0,20201008,20201212
76,0,0,0,0,0,0,0,20201008,20201212
77,0,0,0,0,0,0,0,20201008,20201212
78,1,1,1,1,1,0,0,20201008,20201212
79,0,0,0,0,0,0,0,20201008,20201212
80,0,0,0,0,0,0,0,20201008,20201212
81,0,0,0,0,0,0,0,20201008,20201212
82,0,0,0,0,0,0,0,20201008,20201212
83,0,0,0,0,0,0,0,20201008,20201212
84,0,0,0,0,0,0,0,20201008,20201212
85,0,0,0,0,0,0,0,20201008,20201212
86,0,0,0,0,0,0,0,20201008,20201212
87,0,0,0,0,0,1,0,20201008,20201212
88,0,0,0,0,0,0,1,20201008,20201212
89,1,1,1,1,1,1,1,20201008,20201212
90,1,1,1,1,1,1,1,20201008,20201212
91,1,1,1,1,1,1,1,20201008,20201212
92,1,1,1,1,1,1,1,20201008,20201212
93,0,0,0,0,1,1,0,20201008,20201212
94,1,1,1,1,1,1,0,20201008,20201212
95,0,0,0,0,0,1,1,20201008,20201212
96,1,1,1,1,1,1,0,20201008,20201212
97,0,0,0,0,0,0,0,20201008,20201212
98,0,0,0,0,0,0,0,20201008,20201212
99,0,0,0,0,0,0,0,20201008,20201212
100,0,0,0,0,0,1,1,20201008,20201212
101,0,0,0,0,1,1,0,20201008,20201212
102,0,0,0,0,1,1,0,20201008,20201212
103,0,0,0,0,0,0,0,20201008,20201212
104,0,0,0,0,1,1,0,20201008,20201212
105,0,0,0,0,0,0,0,20201008,20201212
106,0,0,0,0,0,0,0,20201008,20201212
107,0,0,0,0,0,0,0,20201008,20201212
108,0,0,0,0,0,0,0,20201008,20201212
109,0,0,0,0,0,0,0,20201008,20201212
110,0,0,0,0,0,0,0,20201008,20201212
111,0,0,0,0,0,0,0,20201008,20201212
112,0,0,0,0,0,0,0,20201008,20201212
113,0,0,0,0,0,0,0,20201008,20201212
114,0,0,0,0,0,0,0,20201008,20201212
115,0,0,0,0,0,0,0,20201008,20201212
116,0,0,0,0,0,0,0,20201008,20201212
117,0,0,0,0,0,0,0,20201008,20201212
118,0,0,0,0,0,0,0,20201008,20201212
119,0,0,0,0,0,0,0,20201008,20201212
120,0,0,0,0,0,0,0,20201008,20201212
121,0,0,0,0,0,0,0,20201008,20201212
122,0,0,0,0,0,0,0,20201008,20201212
123,0,0,0,0,0,0,0,20201008,20201212
124,0,0,0,0,0,0,0,20201008,20201212
125,0,0,0,0,0,0,0,20201008,20201212
126,1,1,1,1,0,0,1,20201008,20201212
127,0,0,0,0,0,0,0,20201008,20201212
128,1,1,1,1,0,0,1,20201008,20201212
129,0,0,0,0,0,0,0,20201008,20201212
130,0,0,0,0,0,0,0,20201008,20201212
131,0,0,0,0,0,0,0,20201008,20201212
132,0,0,0,0,0,0,0,20201008,20201212
133,0,0,0,0,0,0,0,20201008,20201212
134,0,0,0,0,0,0,0,20201008,20201212
135,0,0,0,0,0,0,0,20201008,20201212
136,0,0,0,0,0,0,0,20201008,20201212
137,0,0,0,0,0,0,0,20201008,20201212
138,0,0,0,0,0,0,0,20201008,20201212
139,0,0,0,0,0,0,0,20201008,20201212
140,0,0,0,0,0,0,0,20201008,20201212
141,0,0,0,0,0,0,0,20201008,20201212
142,0,0,0,0,0,0,0,20201008,20201212
143,1,1,1,1,1,0,0,20201008,20201212
144,0,0,0,0,0,0,0,20201008,20201212
145,0,0,0,0,0,0,0,20201008,20201212
146,0,0,0,0,0,0,0,20201008,20201212
147,0,0,0,0,0,0,0,20201008,20201212
148,1,1,1,1,0,0,1,20201008,20201212
149,0,0,0,0,1,1,0,20201008,20201212
150,0,0,0,0,0,0,0,20201008,20201212
151,0,0,0,0,0,0,0,20201008,20201212
152,0,0,0,0,0,0,0,20201008,20201212
153,0,0,0,0,0,0,0,20201008,20201212
154,1,1,1,1,1,0,0,20201008,20201212
155,1,1,1,1,1,1,0,20201008,20201212
156,1,1,1,1,1,1,0,20201008,20201212
157,1,1,1,1,1,1,1,20201008,20201212
158,1,1,1,1,1,1,1,20201008,20201212
159,1,1,1,1,1,1,1,20201008,20201212
160,1,1,1,1,0,0,1,20201008,20201212
161,0,0,0,0,0,0,0,20201008,20201212
162,0,0,0,0,0,0,0,20201008,20201212
163,0,0,0,0,0,0,0,20201008,20201212
164,0,0,0,0,0,0,0,20201008,20201212
165,0,0,0,0,0,0,0,20201008,20201212
166,0,0,0,0,0,0,0,20201008,20201212
167,0,0,0,0,0,0,0,20201008,20201212
168,0,0,0,0,0,1,0,20201008,20201212
169,0,0,0,0,0,0,0,20201008,20201212
170,0,0,0,0,0,0,0,20201008,20201212
171,0,0,0,0,0,0,1,20201008,20201212
172,0,0,0,0,0,0,0,20201008,20201212
173,0,0,0,0,0,0,0,20201008,20201212
174,0,0,0,0,0,0,0,20201008,20201212
175,0,0,0,0,0,0,0,20201008,20201212
176,0,0,0,0,0,0,0,20201008,20201212
177,0,0,0,0,0,0,0,20201008,20201212
178,0,0,0,0,0,0,0,20201008,20201212
179,0,0,0,0,0,0,0,20201008,20201212
180,0,1,1,1,0,0,1,20201008,20201212
181,0,0,0,0,0,0,0,20201008,20201212
182,1,1,1,1,0,0,1,20201008,20201212
183,0,0,0,0,0,0,0,20201008,20201212
184,0,0,0,0,0,0,0,20201008,20201212
185,1,1,1,1,0,0,1,20201008,20201212
186,0,0,0,0,0,0,1,20201008,20201212
187,0,0,0,0,0,1,0,20201008,20201212
188,0,0,0,0,0,0,1,20201008,20201212
189,0,0,0,0,0,1,0,20201008,20201212
190,0,0,0,0,0,1,1,20201008,20201212
191,1,1,1,1,0,1,1,20201008,20201212
192,1,1,1,1,1,0,0,20201008,20201212
193,1,1,1,1,1,0,0,20201008,20201212
194,0,0,0,0,0,0,0,20201008,20201212
195,1,1,1,1,0,0,0,20201008,20201212
196,0,0,0,0,1,0,0,20201008,20201212
197,1,1,1,1,1,0,0,20201008,20201212
198,0,0,0,0,0,0,0,20201008,20201212
199,0,0,0,0,0,0,0,20201008,20201212
200,0,0,0,0,0,0,0,20201008,20201212
201,0,0,0,0,0,0,0,20201008,20201212
202,0,0,0,0,0,0,0,20201008,20201212
203,0,0,0,0,0,0,0,20201008,20201212
204,0,0,0,0,0,0,0,20201008,20201212
205,0,0,0,0,0,0,0,20201008,20201212
206,0,0,0,0,0,0,0,20201008,20201212
207,1,1,1,1,0,0,1,20201008,20201212
208,0,0,0,0,0,1,1,20201008,20201212
209,1,1,1,1,1,0,0,20201008,20201212
210,0,0,0,0,0,0,1,20201008,20201212
211,0,0,0,0,0,1,0,20201008,20201212
212,0,0,0,0,0,1,0,20201008,20201212
213,1,1,1,1,1,1,0,20201008,20201212
214,1,1,1,1,0,1,0,20201008,20201212
215,1,1,1,1,0,0,0,20201008,20201212
216,0,0,0,0,1,1,0,20201008,20201212
217,0,0,0,0,1,0,0,20201008,20201212
218,1,1,1,1,1,1,0,20201008,20201212
219,0,0,0,0,0,0,0,20201008,20201212
220,0,0,0,0,0,0,0,20201008,20201212
221,0,0,0,0,0,0,1,20201008,20201212
222,1,1,1,1,1,1,1,20201008,20201212
223,0,0,0,0,0,0,0,20201008,20201212
224,1,1,1,1,1,1,1,20201008,20201212
225,1,1,1,1,1,1,1,20201008,20201212
226,1,1,1,1,1,1,1,20201008,20201212
227,0,0,0,0,1,1,0,20201008,20201212
228,1,1,1,1,1,1,1,20201008,20201212
229,1,1,1,1,0,0,1,20201008,20201212
230,0,0,0,0,0,1,1,20201008,20201212
231,0,0,0,0,0,1,1,20201008,20201212
232,1,1,1,1,0,0,0,20201008,20201212
233,0,0,0,0,1,1,0,20201008,20201212
234,0,0,0,0,1,1,0,20201008,20201212
235,0,0,0,0,1,1,0,20201008,20201212
236,0,0,0,0,0,0,0,20201008,20201212
237,0,0,0,0,0,0,0,20201008,20201212
238,1,1,1,1,1,0,0,20201008,20201212
239,0,0,0,0,0,1,1,20201008,20201212
240,1,1,1,1,1,1,1,20201008,20201212
241,1,1,1,1,1,1,1,20201008,20201212
242,0,0,0,0,0,0,0,20201008,20201212
243,1,1,1,1,1,1,0,20201008,20201212
244,1,1,1,1,0,0,0,20201008,20201212
245,0,0,0,0,1,1,0,20201008,20201212
246,1,1,1,1,1,1,0,20201008,20201212
247,0,0,0,0,1,0,0,20201008,20201212
248,0,0,0,0,0,1,0,20201008,20201212
249,1,1,1,1,0,0,0,20201008,20201212
250,1,1,1,1,1,0,0,20201008,20201212
251,0,0,0,0,1,0,0,20201008,20201212
252,1,1,1,1,1,0,0,20201008,20201212
253,1,1,1,1,1,1,0,20201008,20201212
254,1,1,1,1,1,1,0,20201008,20201212
255,1,1,1,1,1,1,1,20201008,20201212
256,1,1,1,1,1,0,0,20201008,20201212
257,1,1,1,1,1,0,0,20201008,20201212
258,0,0,0,0,0,1,0,20201008,20201212
259,0,0,0,0,0,0,0,20201008,20201212
260,0,0,0,0,0,0,1,20201008,20201212
261,0,0,0,0,0,1,1,20201008,20201212
262,0,0,0,0,0,0,0,20201008,20201212
263,1,1,1,1,1,1,1,20201008,20201212
264,1,1,1,1,1,1,1,20201008,20201212
265,1,1,1,1,0,0,1,20201008,20201212
266,1,1,1,1,1,1,0,20201008,20201212
267,1,1,1,1,1,1,1,20201008,20201212
268,1,1,1,1,1,1,1,20201008,20201212
269,1,1,1,1,1,1,1,20201008,20201212
270,0,0,0,0,0,0,0,20201008,20201212
271,1,1,1,1,1,1,1,20201008,20201212
272,1,1,1,1,1,1,1,20201008,20201212
273,1,1,1,1,1,1,1,20201008,20201212
274,1,1,1,1,1,1,1,20201008,20201212
275,1,1,1,1,0,0,1,20201008,20201212
276,0,0,0,0,0,0,0,20201008,20201212
277,1,1,1,1,1,1,0,20201008,20201212
278,1,1,1,1,1,1,0,20201008,20201212
279,0,0,0,0,0,1,0,20201008,20201212
280,0,0,0,0,0,0,1,20201008,20201212
281,1,1,1,1,1,1,0,20201008,20201212
282,1,1,1,1,1,1,1,20201008,20201212
283,1,1,1,1,1,1,0,20201008,20201212
284,1,1,1,1,1,1,0,20201008,20201212
285,1,1,1,1,1,0,0,20201008,20201212
286,1,1,1,1,1,1,0,20201008,20201212
287,1,1,1,1,1,1,0,20201008,20201212
288,0,0,0,0,0,1,0,20201008,20201212
289,1,1,1,1,1,1,0,20201008,20201212
290,0,0,0,0,0,0,0,20201008,20201212
291,1,1,1,1,0,0,1,20201008,20201212
292,1,1,1,1,0,0,0,20201008,20201212
293,1,1,1,1,1,1,1,20201008,20201212
294,1,1,1,1,1,1,1,20201008,20201212
295,1,1,1,1,1,0,1,20201008,20201212
296,1,1,1,1,1,1,1,20201008,20201212
297,1,1,1,1,1,1,0,20201008,20201212
298,0,0,0,0,0,0,0,20201008,20201212
299,0,0,0,0,0,0,0,20201008,20201212
300,0,0,0,0,0,0,0,20201008,20201212
301,0,0,0,0,0,0,0,20201008,20201212
302,0,0,0,0,0,0,0,20201008,20201212
303,0,0,0,0,0,0,0,20201008,20201212
304,0,0,0,0,0,0,0,20201008,20201212
305,0,0,0,0,0,0,0,20201008,20201212
306,0,0,0,0,0,0,0,20201008,20201212
307,0,0,0,0,0,0,0,20201008,20201212
308,0,0,0,0,0,0,0,20201008,20201212
309,0,0,0,0,0,0,0,20201008,20201212
310,0,0,0,0,0,0,0,20201008,20201212
311,0,0,0,0,0,0,0,20201008,20201212
312,0,0,0,0,0,0,0,20201008,20201212
313,0,0,0,0,0,1,1,20201008,20201212
314,1,1,1,1,1,1,1,20201008,20201212
315,1,1,1,1,1,1,1,20201008,20201212
316,1,1,1,1,1,1,1,20201008,20201212
317,0,0,0,0,1,1,0,20201008,20201212
318,1,1,1,1,0,0,1,20201008,20201212
319,0,0,0,0,0,0,0,20201008,20201212
320,1,1,1,1,1,0,0,20201008,20201212
321,0,0,0,0,1,1,0,20201008,20201212
322,0,0,0,0,1,1,0,20201008,20201212
323,1,1,1,1,0,0,0,20201008,20201212
324,1,1,1,1,0,0,1,20201008,20201212
325,1,1,1,1,0,0,1,20201008,20201212
326,1,1,1,1,0,1,1,20201008,20201212
327,0,0,0,0,1,1,0,20201008,20201212
328,0,0,0,0,1,0,0,20201008,20201212
329,1,1,1,1,1,1,1,20201008,20201212
330,1,1,1,1,1,1,1,20201008,20201212
331,1,1,1,1,1,1,1,20201008,20201212
332,0,0,0,0,0,1,1,20201008,20201212
333,1,1,1,1,1,0,0,20201008,20201212
334,0,0,0,0,0,1,0,20201008,20201212
335,1,1,1,1,1,0,0,20201008,20201212
336,1,1,1,1,0,0,1,20201008,20201212
337,0,0,0,0,1,1,0,20201008,20201212
338,1,1,1,1,0,0,1,20201008,20201212
339,0,0,0,0,0,0,0,20201008,20201212
340,0,0,0,0,1,1,0,20201008,20201212
341,0,0,0,0,0,0,0,20201008,20201212
342,1,1,1,1,1,0,1,20201008,20201212
343,1,1,1,1,1,0,0,20201008,20201212
344,1,1,1,1,1,1,1,20201008,20201212
345,1,1,1,1,1,1,1,20201008,20201212
346,1,1,1,1,0,0,1,20201008,20201212
347,0,0,0,0,0,1,1,20201008,20201212
348,1,1,1,1,0,0,1,20201008,20201212
349,0,0,0,0,0,1,1,20201008,20201212
350,0,0,0,0,0,1,1,20201008,20201212
351,0,0,0,0,0,1,0,20201008,20201212
352,0,0,0,0,0,0,1,20201008,20201212
353,1,1,1,1,1,1,1,20201008,20201212
354,0,0,0,0,1,1,0,20201008,20201212
355,0,0,0,0,1,1,0,20201008,20201212
356,0,0,0,0,1,0,0,20201008,20201212
357,0,0,0,0,0,1,1,20201008,20201212
358,1,1,1,1,1,0,0,20201008,20201212
359,1,1,1,1,0,0,0,20201008,20201212
360,1,1,1,1,1,0,0,20201008,20201212
361,1,1,1,1,1,1,1,20201008,20201212
362,0,0,0,0,0,1,1,20201008,20201212
363,1,1,1,1,0,0,1,20201008,20201212
364,1,1,1,1,0,0,0,20201008,20201212
365,1,1,1,1,0,0,0,20201008,20201212
366,1,1,1,1,0,0,0,20201008,20201212
367,1,1,1,1,1,0,0,20201008,20201212
368,0,0,0,0,1,0,0,20201008,20201212
369,0,0,0,0,0,1,0,20201008,20201212
370,0,0,0,0,1,0,0,20201008,20201212
371,0,0,0,0,0,0,1,20201008,20201212
372,0,0,0,0,0,0,0,20201008,20201212
373,0,0,0,0,1,0,0,20201008,20201212
374,1,1,1,1,1,0,0,20201008,20201212
375,0,0,0,0,0,0,0,20201008,20201212
376,1,1,1,1,1,1,0,20201008,20201212
377,1,1,1,1,1,1,0,20201008,20201212
378,1,1,1,1,1,1,1,20201008,20201212
379,1,1,1,1,1,1,1,20201008,20201212
380,0,0,0,0,1,1,0,20201008,20201212
381,0,0,0,0,0,0,0,20201008,20201212
382,0,0,0,0,0,1,0,20201008,20201212
383,1,1,1,1,1,1,0,20201008,20201212
384,0,0,0,0,0,0,0,20201008,20201212
385,0,0,0,0,0,0,0,20201008,20201212
386,0,0,0,0,0,0,0,20201008,20201212
387,1,1,1,1,1,1,1,20201008,20201212
388,1,1,1,1,0,0,1,20201008,20201212
389,1,1,1,1,1,1,1,20201008,20201212
390,1,1,1,1,1,0,0,20201008,20201212
391,1,1,1,1,1,0,1,20201008,20201212
392,0,0,0,0,0,0,1,20201008,20201212
393,1,1,1,1,1,0,0,20201008,20201212
394,0,1,1,1,0,0,1,20201008,20201212
395,0,0,0,0,0,0,0,20201008,20201212
396,1,1,1,1,1,0,0,20201008,20201212
397,0,0,0,0,0,0,0,20201008,20201212
398,1,1,1,1,1,1,1,20201008,20201212
399,0,0,0,0,0,1,1,20201008,20201212
400,1,1,1,1,1,1,1,20201008,20201212
401,1,1,1,1,1,1,1,20201008,20201212
402,1,1,1,1,1,1,1,20201008,20201212
403,0,0,0,0,0,0,0,20201008,20201212
404,1,1,1,1,1,0,0,20201008,20201212
405,0,0,0,0,0,0,0,20201008,20201212
406,1,1,1,1,1,0,0,20201008,20201212
407,0,0,0,0,0,0,0,20201008,20201212
408,0,1,1,1,1,1,1,20201008,20201212
409,1,1,1,1,1,1,0,20201008,20201212
410,1,1,1,1,1,1,0,20201008,20201212
411,1,1,1,1,1,1,1,20201008,20201212
412,1,1,1,1,1,1,1,20201008,20201212
413,1,1,1,1,1,1,1,20201008,20201212
414,0,0,0,0,0,0,0,20201008,20201212
415,0,0,0,0,0,0,1,20201008,20201212
416,1,0,0,0,0,0,0,20201008,20201212
417,0,1,1,1,1,1,1,20201008,20201212
418,0,1,1,1,1,1,1,20201008,20201212
419,0,0,0,0,0,1,1,20201008,20201212
420,0,1,1,1,1,1,1,20201008,20201212
421,0,0,0,0,1,1,0,20201008,20201212
422,0,0,0,0,0,0,0,20201008,20201212
423,1,1,1,1,1,0,0,20201008,20201212
424,1,0,0,0,0,0,0,20201008,20201212
425,0,1,1,1,1,1,1,20201008,20201212
426,0,1,1,1,1,1,1,20201008,20201212
427,0,1,1,1,1,1,1,20201008,20201212
428,0,0,0,0,1,1,0,20201008,20201212
429,1,1,1,1,1,1,1,20201008,20201212
430,1,1,1,1,1,1,1,20201008,20201212
431,0,1,1,1,1,1,1,20201008,20201212
432,0,0,0,0,1,1,0,20201008,20201212
433,0,0,0,0,0,1,1,20201008,20201212
434,0,0,0,0,0,0,0,20201008,20201212
435,0,0,0,0,0,0,1,20201008,20201212
436,0,0,0,0,0,0,0,20201008,20201212
437,0,0,0,0,1,1,0,20201008,20201212
438,0,0,0,0,0,0,0,20201008,20201212
439,1,1,1,1,0,0,1,20201008,20201212
440,1,1,1,1,1,1,0,20201008,20201212
441,1,1,1,1,1,1,1,20201008,20201212
442,1,1,1,1,1,1,1,20201008,20201212
443,0,0,0,0,0,0,0,20201008,20201212
444,1,1,1,1,1,0,1,20201008,20201212
445,1,1,1,1,1,0,1,20201008,20201212
446,1,1,1,1,1,1,1,20201008,20201212
447,0,0,0,0,1,1,0,20201008,20201212
448,1,1,1,1,0,0,1,20201008,20201212
449,1,1,1,1,1,1,1,20201008,20201212
450,1,1,1,1,1,0,1,20201008,20201212
451,1,1,1,1,1,0,0,20201008,20201212
452,1,1,1,1,1,1,0,20201008,20201212
453,1,1,1,1,1,1,1,20201008,20201212
454,1,1,1,1,1,0,1,20201008,20201212
455,1,1,1,1,1,0,1,20201008,20201212
456,0,0,0,0,0,1,0,20201008,20201212
457,0,0,0,0,0,0,0,20201008,20201212
458,0,0,0,0,0,0,0,20201008,20201212
459,0,0,0,0,0,0,0,20201008,20201212
460,1,1,1,1,1,1,1,20201008,20201212
461,1,1,1,1,1,1,1,20201008,20201212
462,0,0,0,0,1,0,0,20201008,20201212
463,0,0,0,0,0,0,0,20201008,20201212
464,0,0,0,0,0,0,0,20201008,20201212
465,0,0,0,0,0,0,0,20201008,20201212
466,0,0,0,0,0,0,1,20201008,20201212
467,1,1,1,1,1,0,0,20201008,20201212
468,1,1,1,1,1,0,1,20201008,20201212
469,1,1,1,1,1,0,1,20201008,20201212
470,1,1,1,1,1,0,1,20201008,20201212
471,1,1,1,1,1,0,1,20201008,20201212
472,1,1,1,1,1,0,1,20201008,20201212
473,1,1,1,1,1,0,0,20201008,20201212
474,1,1,1,1,1,0,0,20201008,20201212
475,1,1,1,1,1,0,1,20201008,20201212
476,0,0,0,0,1,0,0,20201008,20201212
477,1,1,1,1,0,0,0,20201008,20201212
478,1,1,1,1,0,0,1,20201008,20201212
479,1,1,1,1,1,0,0,20201008,20201212
480,0,0,0,0,0,0,0,20201008,20201212
481,1,1,1,1,0,0,1,20201008,20201212
482,1,1,1,1,0,0,1,20201008,20201212
483,1,1,1,1,1,0,1,20201008,20201212
484,1,1,1,1,1,0,1,20201008,20201212
485,1,1,1,1,1,0,0,20201008,20201212
486,1,1,1,1,0,0,1,20201008,20201212
487,0,0,0,0,0,0,0,20201008,20201212
488,0,0,0,0,0,0,0,20201008,20201212
489,1,1,1,1,1,1,0,20201008,20201212
490,1,1,1,1,1,0,1,20201008,20201212
491,1,1,1,1,1,0,0,20201008,20201212
492,0,0,0,0,1,0,0,20201008,20201212
493,1,1,1,1,1,1,1,20201008,20201212
494,1,1,1,1,0,0,1,20201008,20201212
495,0,0,0,0,1,0,0,20201008,20201212
496,1,1,1,1,1,1,1,20201008,20201212
497,0,0,0,0,1,1,0,20201008,20201212
498,0,0,0,0,0,0,0,20201008,20201212
499,0,0,0,0,0,0,0,20201008,20201212
500,0,0,0,0,0,0,0,20201008,20201212
501,0,0,0,0,0,0,0,20201008,20201212
502,0,0,0,0,0,0,0,20201008,20201212
503,0,0,0,0,0,0,0,20201008,20201212
504,1,1,1,1,0,0,1,20201008,20201212
505,1,1,1,1,1,0,0,20201008,20201212
506,1,1,1,1,1,0,1,20201008,20201212
507,0,0,0,0,0,1,1,20201008,20201212
508,1,1,1,1,1,1,0,20201008,20201212
509,0,0,0,0,0,0,1,20201008,20201212
510,0,0,0,0,0,1,0,20201008,20201212
511,1,1,1,1,1,1,1,20201008,20201212
512,1,1,1,1,1,0,1,20201008,20201212
513,1,1,1,1,0,0,1,20201008,20201212
514,0,0,0,0,1,0,0,20201008,20201212
515,1,1,1,1,0,0,1,20201008,20201212
516,0,0,0,0,0,0,0,20201008,20201212
517,1,1,1,1,1,0,1,20201008,20201212
518,0,0,0,0,0,0,0,20201008,20201212
519,1,1,1,1,0,0,1,20201008,20201212
520,0,0,0,0,1,0,0,20201008,20201212
521,1,1,1,1,1,1,1,20201008,20201212
522,0,0,0,0,1,1,0,20201008,20201212
523,1,1,1,1,0,0,1,20201008,20201212
524,1,1,1,1,0,0,1,20201008,20201212
525,0,0,0,0,0,0,0,20201008,20201212
526,0,0,0,0,1,1,0,20201008,20201212
527,1,1,1,1,1,0,1,20201008,20201212
528,1,1,1,1,0,0,1,20201008,20201212
529,1,1,1,1,0,0,0,20201008,20201212
530,1,1,1,1,1,1,0,20201008,20201212
531,1,1,1,1,1,0,0,20201008,20201212
532,1,1,1,1,1,0,1,20201008,20201212
533,1,1,1,1,1,1,1,20201008,20201212
534,1,1,1,1,1,1,1,20201008,20201212
535,1,1,1,1,1,0,1,20201008,20201212
536,0,0,0,0,0,0,0,20201008,20201212
537,0,0,0,0,0,0,0,20201008,20201212
538,0,0,0,0,0,0,0,20201008,20201212
539,0,0,0,0,0,0,0,20201008,20201212
540,0,0,0,0,0,0,0,20201008,20201212
541,0,0,0,0,0,0,0,20201008,20201212
542,0,0,0,0,0,1,0,20201008,20201212
543,1,1,1,1,1,1,0,20201008,20201212
544,0,0,0,0,0,0,1,20201008,20201212
545,1,1,1,1,1,0,0,20201008,20201212
546,0,0,0,0,1,1,0,20201008,20201212
547,0,0,0,0,0,0,0,20201008,20201212
548,0,1,0,1,0,0,0,20201008,20201212
549,1,0,1,0,1,0,0,20201008,20201212
550,1,1,1,1,1,1,1,20201008,20201212
551,1,1,1,1,1,1,1,20201008,20201212
552,0,0,0,0,0,0,0,20201008,20201212
553,1,1,1,1,1,1,1,20201008,20201212
554,0,0,0,0,1,1,0,20201008,20201212
555,1,1,1,1,1,1,0,20201008,20201212
556,1,1,1,1,1,0,0,20201008,20201212
557,0,0,0,0,0,0,0,20201008,20201212
558,1,1,1,1,1,1,1,20201008,20201212
559,0,0,0,0,0,0,0,20201008,20201212
560,0,0,0,0,0,0,0,20201008,20201212
561,0,0,0,0,0,0,0,20201008,20201212
562,0,0,0,0,0,0,0,20201008,20201212
563,0,0,0,0,0,1,1,20201008,20201212
564,1,1,1,1,1,1,1,20201008,20201212
565,1,1,1,1,1,0,0,20201008,20201212
566,0,0,0,0,0,0,0,20201008,20201212
567,1,1,1,1,1,1,1,20201008,20201212
568,1,1,1,1,1,1,1,20201008,20201212
569,0,0,0,0,0,1,1,20201008,20201212
570,0,0,0,0,0,0,0,20201008,20201212
571,0,0,0,0,0,0,0,20201008,20201212
572,0,0,0,0,0,0,0,20201008,20201212
573,0,0,0,0,0,0,0,20201008,20201212
574,0,0,0,0,0,0,0,20201008,20201212
575,0,0,0,0,0,0,0,20201008,20201212
576,0,0,0,0,0,0,0,20201008,20201212
577,0,0,0,0,0,0,0,20201008,20201212
578,0,0,0,0,0,0,0,20201008,20201212
579,0,0,0,0,0,0,0,20201008,20201212
580,0,0,0,0,0,0,0,20201008,20201212
581,0,0,0,0,0,0,0,20201008,20201212
582,0,0,0,0,0,0,0,20201008,20201212
583,0,0,0,0,0,0,0,20201008,20201212
584,0,0,0,0,0,0,0,20201008,20201212
585,0,0,0,0,0,0,0,20201008,20201212
586,0,0,0,0,0,0,0,20201008,20201212
587,0,0,0,0,0,0,0,20201008,20201212
588,0,0,0,0,0,0,0,20201008,20201212
589,0,0,0,0,0,0,0,20201008,20201212
590,0,0,0,0,0,0,0,20201008,20201212
591,0,0,0,0,0,0,0,20201008,20201212
592,0,0,0,0,0,0,0,20201008,20201212
593,0,0,0,0,0,0,0,20201008,20201212
594,0,0,0,0,0,0,0,20201008,20201212
595,0,0,0,0,0,0,0,20201008,20201212
596,0,0,0,0,0,0,0,20201008,20201212
597,0,0,0,0,0,0,0,20201008,20201212
598,0,0,0,0,0,0,0,20201008,20201212
599,0,0,0,0,0,0,0,20201008,20201212
600,0,0,0,0,0,0,0,20201008,20201212
601,0,0,0,0,0,0,0,20201008,20201212
602,0,0,0,0,0,0,0,20201008,20201212
603,0,0,0,0,0,0,0,20201008,20201212
604,0,0,0,0,0,0,0,20201008,20201212
605,0,0,0,0,0,0,0,20201008,20201212
606,1,1,1,1,1,0,0,20201008,20201212
607,0,0,0,0,0,1,1,20201008,20201212
608,0,0,0,0,0,0,0,20201008,20201212
609,0,0,0,0,0,0,0,20201008,20201212
610,0,0,0,0,0,0,0,20201008,20201212
611,0,0,0,0,0,0,0,20201008,20201212
612,1,1,1,1,0,0,0,20201008,20201212
613,1,1,1,1,1,1,1,20201008,20201212
614,0,0,0,0,0,0,0,20201008,20201212
615,0,0,0,0,0,0,0,20201008,20201212
616,0,0,0,0,0,0,0,20201008,20201212
617,0,0,0,0,0,0,0,20201008,20201212
618,0,0,0,0,0,0,0,20201008,20201212
619,0,0,0,0,0,0,0,20201008,20201212
620,1,1,1,1,1,1,0,20201008,20201212
621,1,1,1,1,1,1,1,20201008,20201212
622,0,0,0,0,0,0,0,20201008,20201212
623,0,0,0,0,0,0,0,20201008,20201212
624,1,1,1,1,1,0,0,20201008,20201212
625,0,0,0,0,0,0,0,20201008,20201212
626,0,0,0,0,0,0,0,20201008,20201212
627,0,0,0,0,0,0,0,20201008,20201212
628,0,0,0,0,0,0,0,20201008,20201212
629,1,0,0,0,0,0,0,20201008,20201212
630,0,0,0,0,0,0,0,20201008,20201212
631,1,1,1,1,1,1,1,20201008,20201212
632,0,0,0,0,0,0,0,20201008,20201212
633,0,0,0,0,0,0,0,20201008,20201212
634,1,1,1,1,1,1,1,20201008,20201212
635,1,1,1,1,1,1,1,20201008,20201212
636,1,1,1,1,1,1,1,20201008,20201212
637,0,0,0,0,0,0,0,20201008,20201212
638,1,1,1,1,1,1,1,20201008,20201212
639,0,0,0,0,0,0,0,20201008,20201212
640,1,1,1,1,1,1,1,20201008,20201212
641,1,1,1,1,1,0,0,20201008,20201212
642,1,1,1,1,1,1,0,20201008,20201212
643,1,1,1,1,1,0,1,20201008,20201212
644,0,0,0,0,0,0,0,20201008,20201212
645,0,0,0,0,0,0,0,20201008,20201212
646,1,1,1,1,1,1,1,20201008,20201212
647,0,0,0,0,0,0,0,20201008,20201212
648,1,1,1,1,1,0,0,20201008,20201212
649,0,0,0,0,0,0,0,20201008,20201212
650,1,1,1,1,1,1,0,20201008,20201212
651,0,0,0,0,0,0,0,20201008,20201212
652,1,1,1,1,1,0,1,20201008,20201212
653,0,0,0,0,0,0,0,20201008,20201212
654,0,0,0,0,0,0,0,20201008,20201212
655,0,0,0,0,0,1,1,20201008,20201212
656,1,1,1,1,1,1,1,20201008,20201212
657,0,0,0,0,0,1,1,20201008,20201212
658,0,0,0,0,0,0,0,20201008,20201212
659,0,0,0,0,0,0,0,20201008,20201212
660,0,0,0,0,0,0,0,20201008,20201212
661,1,1,1,1,1,0,0,20201008,20201212
662,1,1,1,1,1,1,1,20201008,20201212
663,1,1,1,1,1,1,0,20201008,20201212
664,1,1,1,1,1,1,1,20201008,20201212
665,0,0,0,0,0,0,1,20201008,20201212
666,1,1,1,1,1,1,1,20201008,20201212
667,0,0,0,0,0,0,1,20201008,20201212
668,1,1,1,1,1,1,1,20201008,20201212
669,1,1,1,1,1,1,1,20201008,20201212
670,1,1,1,1,1,1,1,20201008,20201212
671,1,1,1,1,1,1,1,20201008,20201212
672,1,1,1,1,1,0,0,20201008,20201212
673,1,1,1,1,1,1,1,20201008,20201212
674,1,1,1,1,1,1,1,20201008,20201212
675,0,0,0,0,0,0,0,20201008,20201212
676,1,1,1,1,1,1,1,20201008,20201212
677,1,1,1,1,1,1,1,20201008,20201212
678,1,1,1,1,1,1,1,20201008,20201212
679,0,0,0,0,0,0,0,20201008,20201212
680,0,0,0,0,0,0,0,20201008,20201212
681,1,1,1,1,0,0,1,20201008,20201212
682,0,0,0,0,0,0,0,20201008,20201212
683,1,1,1,1,1,1,1,20201008,20201212
684,1,1,1,1,1,0,1,20201008,20201212
685,0,0,0,0,0,0,0,20201008,20201212
686,0,0,0,0,1,1,0,20201008,20201212
687,1,1,1,1,1,0,0,20201008,20201212
688,0,0,0,0,0,0,0,20201008,20201212
689,0,0,0,0,0,0,0,20201008,20201212
690,0,0,0,0,0,0,0,20201008,20201212
691,1,1,1,1,0,0,0,20201008,20201212
692,0,0,0,0,0,0,0,20201008,20201212
693,0,0,0,0,0,0,0,20201008,20201212
694,0,0,0,0,0,0,0,20201008,20201212
695,0,0,0,0,0,0,0,20201008,20201212
696,0,0,0,0,0,0,0,20201008,20201212
697,0,0,0,0,0,0,0,20201008,20201212
698,1,1,1,1,1,1,1,20201008,20201212
699,0,0,0,0,0,0,0,20201008,20201212
700,0,0,0,0,0,0,0,20201008,20201212
701,1,1,1,1,1,1,1,20201008,20201212
702,1,1,1,1,0,0,1,20201008,20201212
703,0,0,0,0,0,0,0,20201008,20201212
704,0,0,0,0,0,1,0,20201008,20201212
705,1,1,1,1,1,1,1,20201008,20201212
706,1,1,1,1,1,1,1,20201008,20201212
707,0,0,0,0,1,1,1,20201008,20201212
708,0,1,1,1,1,0,0,20201008,20201212
709,1,1,1,1,1,1,1,20201008,20201212
710,0,0,0,0,0,0,0,20201008,20201212
711,1,1,1,1,1,1,0,20201008,20201212
712,0,0,0,0,1,1,1,20201008,20201212
713,0,0,0,0,0,0,0,20201008,20201212
714,1,1,1,1,1,1,0,20201008,20201212
715,1,1,1,1,1,1,1,20201008,20201212
716,1,1,1,1,1,1,1,20201008,20201212
717,1,1,1,1,1,1,1,20201008,20201212
718,1,1,1,1,1,1,1,20201008,20201212
719,1,1,1,1,1,1,1,20201008,20201212
720,1,1,1,1,1,1,1,20201008,20201212
721,0,0,0,0,0,0,0,20201008,20201212
722,0,0,0,0,0,0,0,20201008,20201212
723,0,0,0,0,0,0,0,20201008,20201212
724,1,1,1,1,1,1,0,20201008,20201212
725,1,1,1,1,1,1,1,20201008,20201212
726,1,1,1,1,1,1,1,20201008,20201212
727,1,1,1,1,1,0,0,20201008,20201212
728,1,1,1,1,1,1,1,20201008,20201212
729,1,1,1,1,1,0,0,20201008,20201212
730,0,0,0,0,0,0,0,20201008,20201212
731,1,1,1,1,1,1,1,20201008,20201212
732,1,1,1,1,1,1,1,20201008,20201212
733,1,1,1,1,1,1,1,20201008,20201212
734,1,1,1,1,1,1,1,20201008,20201212
735,0,1,1,1,1,1,1,20201008,20201212
736,0,0,0,0,0,1,0,20201008,20201212
737,0,0,0,0,0,1,0,20201008,20201212
738,0,0,0,0,1,1,0,20201008,20201212
739,0,0,0,0,0,0,0,20201008,20201212
740,0,0,0,0,0,0,0,20201008,20201212
741,0,0,0,0,0,0,0,20201008,20201212
742,0,0,0,0,0,0,0,20201008,20201212
743,0,0,0,0,0,1,0,20201008,20201212
744,0,1,1,1,0,0,1,20201008,20201212
745,0,0,0,0,0,0,0,20201008,20201212
746,0,0,0,0,0,0,0,20201008,20201212
747,0,0,0,0,0,0,0,20201008,20201212
748,0,0,0,0,0,0,0,20201008,20201212
749,0,0,0,0,0,0,0,20201008,20201212
750,0,0,0,0,0,0,0,20201008,20201212
751,0,0,0,0,0,0,0,20201008,20201212
752,0,0,0,0,0,0,0,20201008,20201212
753,0,0,0,0,0,0,0,20201008,20201212
754,0,0,0,0,0,1,1,20201008,20201212
755,1,1,1,1,1,1,0,20201008,20201212
756,0,0,0,0,0,0,0,20201008,20201212
757,0,0,0,0,0,0,0,20201008,20201212
758,0,0,0,0,0,0,0,20201008,20201212
759,0,0,0,0,0,0,0,20201008,20201212
760,0,0,0,0,0,0,0,20201008,20201212
761,0,1,1,1,1,0,0,20201008,20201212
762,1,0,1,1,1,1,1,20201008,20201212
763,0,0,0,0,0,1,0,20201008,20201212
764,0,0,0,0,0,0,0,20201008,20201212
765,0,1,0,0,0,0,0,20201008,20201212
766,0,0,0,0,0,0,0,20201008,20201212
767,0,0,0,0,0,0,0,20201008,20201212
768,1,1,1,1,1,1,1,20201008,20201212
769,1,1,1,1,1,1,1,20201008,20201212
770,1,1,1,1,1,1,1,20201008,20201212
771,0,0,0,0,0,0,0,20201008,20201212
772,0,0,0,0,0,0,0,20201008,20201212
773,0,0,0,0,0,1,1,20201008,20201212
774,1,1,1,1,1,1,1,20201008,20201212
775,1,1,1,1,1,1,1,20201008,20201212
776,1,1,1,1,1,1,1,20201008,20201212
777,1,1,1,1,1,1,1,20201008,20201212
778,1,1,1,1,1,1,1,20201008,20201212
779,1,1,1,1,1,1,1,20201008,20201212
780,0,0,0,0,0,0,0,20201008,20201212
781,1,1,1,1,1,1,1,20201008,20201212
782,1,1,1,1,1,1,1,20201008,20201212
783,0,0,0,0,0,0,0,20201008,20201212
784,1,1,1,1,1,1,1,20201008,20201212
785,1,1,1,1,1,1,1,20201008,20201212
786,1,1,1,1,1,0,0,20201008,20201212
787,1,1,1,1,1,1,1,20201008,20201212
788,1,1,1,1,1,1,1,20201008,20201212
789,0,0,0,0,0,0,0,20201008,20201212
790,0,0,0,0,0,0,0,20201008,20201212
791,1,1,1,1,1,0,0,20201008,20201212
792,1,1,1,1,1,1,1,20201008,20201212
793,1,1,1,1,1,1,1,20201008,20201212
794,1,1,1,1,1,1,1,20201008,20201212
795,0,0,0,0,0,0,0,20201008,20201212
796,0,0,0,0,0,0,0,20201008,20201212
797,0,0,0,0,0,0,0,20201008,20201212
798,1,1,1,1,1,1,1,20201008,20201212
799,1,1,1,1,1,1,1,20201008,20201212
800,1,1,1,1,1,1,1,20201008,20201212
801,0,0,0,0,0,0,0,20201008,20201212
802,1,0,1,1,1,1,1,20201008,20201212
803,0,0,0,0,0,0,0,20201008,20201212
804,0,0,0,0,0,0,0,20201008,20201212
805,0,0,0,0,0,0,0,20201008,20201212
806,0,0,0,0,0,0,0,20201008,20201212
807,0,0,0,0,0,0,0,20201008,20201212
808,1,1,1,1,0,0,0,20201008,20201212
809,0,0,0,0,0,0,0,20201008,20201212
810,0,0,0,0,0,0,0,20201008,20201212
811,0,0,0,0,0,0,0,20201008,20201212
812,0,0,0,0,0,0,0,20201008,20201212
813,0,0,0,0,0,1,1,20201008,20201212
814,0,0,0,0,0,0,0,20201008,20201212
815,0,0,0,0,0,0,0,20201008,20201212
816,1,1,1,1,1,1,1,20201008,20201212
817,0,0,0,0,0,0,0,20201008,20201212
818,1,1,1,1,1,1,1,20201008,20201212
819,1,1,1,1,1,1,1,20201008,20201212
820,1,1,1,1,1,1,1,20201008,20201212
821,1,1,1,1,1,1,1,20201008,20201212
822,0,0,0,0,1,0,0,20201008,20201212
823,1,1,1,1,0,1,1,20201008,20201212
824,1,1,1,1,1,0,1,20201008,20201212
825,0,0,0,0,0,0,1,20201008,20201212
826,1,0,0,0,0,0,0,20201008,20201212
827,1,1,1,1,1,1,0,20201008,20201212
828,1,1,1,1,0,0,0,20201008,20201212
829,1,1,1,1,1,1,0,20201008,20201212
830,1,1,1,1,1,1,0,20201008,20201212
831,0,0,0,0,0,1,0,20201008,20201212
832,1,1,1,1,1,0,0,20201008,20201212
833,0,0,0,0,0,0,0,20201008,20201212
834,0,0,0,0,0,1,1,20201008,20201212
835,0,0,1,0,0,0,0,20201008,20201212
836,0,1,1,1,0,0,0,20201008,20201212
837,0,0,0,0,0,1,1,20201008,20201212
838,0,1,0,0,0,0,0,20201008,20201212
839,1,1,1,1,1,0,0,20201008,20201212
840,1,1,1,1,1,1,0,20201008,20201212
841,0,0,0,0,0,1,0,20201008,20201212
842,1,1,1,1,1,0,0,20201008,20201212
843,0,0,0,0,0,0,0,20201008,20201212
844,1,1,1,1,1,1,1,20201008,20201212
845,1,0,0,0,1,0,0,20201008,20201212
846,1,0,1,1,1,0,0,20201008,20201212
847,1,1,1,1,1,1,0,20201008,20201212
848,0,0,0,0,0,0,0,20201008,20201212
849,0,0,0,0,0,0,0,20201008,20201212
850,1,1,1,1,1,0,1,20201008,20201212
851,0,0,0,0,0,0,0,20201008,20201212
852,0,0,0,0,0,0,0,20201008,20201212
853,0,0,0,0,0,0,0,20201008,20201212
854,0,0,0,0,0,0,0,20201008,20201212
855,1,1,1,1,1,1,1,20201008,20201212
856,0,0,0,0,0,1,1,20201008,20201212
857,1,1,1,1,1,1,1,20201008,20201212
858,1,1,1,1,1,0,0,20201008,20201212
859,0,0,0,0,0,0,0,20201008,20201212
860,0,0,0,0,0,0,0,20201008,20201212
861,1,1,1,1,1,0,0,20201008,20201212
862,0,0,0,0,1,1,0,20201008,20201212
863,0,0,0,0,1,0,0,20201008,20201212
864,1,1,1,1,0,0,0,20201008,20201212
865,1,1,1,1,0,0,0,20201008,20201212
866,1,1,1,1,1,1,0,20201008,20201212
867,0,0,0,0,0,0,1,20201008,20201212
868,0,1,1,1,1,0,0,20201008,20201212
869,0,1,1,0,0,0,0,20201008,20201212
870,0,0,0,0,0,1,0,20201008,20201212
871,0,0,0,0,0,0,1,20201008,20201212
872,1,1,1,1,1,1,1,20201008,20201212
873,1,0,1,0,1,0,0,20201008,20201212
874,0,1,0,1,0,0,0,20201008,20201212
875,0,0,0,0,0,0,0,20201008,20201212
876,0,0,0,0,0,0,0,20201008,20201212
877,0,0,0,0,0,1,1,20201008,20201212
878,0,0,1,0,0,0,0,20201008,20201212
879,0,0,0,0,0,0,0,20201008,20201212
880,1,1,1,1,1,1,1,20201008,20201212
881,0,0,0,0,0,0,0,20201008,20201212
882,1,0,0,1,0,0,0,20201008,20201212
883,1,0,0,1,0,0,0,20201008,20201212
884,0,1,0,0,1,0,0,20201008,20201212
885,0,0,0,1,0,0,0,20201008,20201212
886,1,1,1,1,1,1,1,20201008,20201212
887,1,1,1,1,1,1,1,20201008,20201212
888,1,1,1,1,1,0,0,20201008,20201212
889,0,0,0,0,0,0,0,20201008,20201212
890,1,0,1,0,1,0,0,20201008,20201212
891,0,0,0,0,0,0,0,20201008,20201212
892,0,0,0,0,0,0,0,20201008,20201212
893,0,0,0,0,1,0,0,20201008,20201212
894,0,1,0,0,0,0,0,20201008,20201212
895,0,1,1,1,0,0,0,20201008,20201212
896,0,0,0,0,0,1,1,20201008,20201212
897,0,0,0,0,0,1,1,20201008,20201212
898,0,0,0,0,0,1,0,20201008,20201212
899,1,0,0,0,0,0,0,20201008,20201212
900,0,0,0,0,0,0,1,20201008,20201212
901,1,1,1,1,1,1,0,20201008,20201212
902,1,0,1,1,1,0,0,20201008,20201212
903,0,0,0,0,1,1,0,20201008,20201212
904,1,1,1,1,1,1,0,20201008,20201212
905,1,1,1,1,1,0,0,20201008,20201212
906,1,1,1,1,1,0,0,20201008,20201212
907,1,1,1,1,1,1,1,20201008,20201212
908,0,0,0,0,0,1,1,20201008,20201212
909,0,0,0,0,0,1,0,20201008,20201212
910,0,0,0,0,0,1,1,20201008,20201212
911,0,0,0,0,0,0,1,20201008,20201212
912,1,1,1,1,1,0,0,20201008,20201212
913,1,1,1,1,1,1,1,20201008,20201212
914,0,0,0,0,0,0,1,20201008,20201212
915,1,1,1,1,1,1,1,20201008,20201212
916,0,0,0,0,1,0,0,20201008,20201212
917,0,0,0,0,0,0,0,20201008,20201212
918,1,1,1,1,0,0,1,20201008,20201212
919,0,0,0,0,0,0,0,20201008,20201212
920,1,1,1,1,1,0,0,20201008,20201212
921,0,0,0,0,1,1,0,20201008,20201212
922,1,1,1,1,1,0,1,20201008,20201212
923,0,0,0,0,1,0,0,20201008,20201212
924,0,0,0,0,1,0,0,20201008,20201212
925,1,1,1,1,1,1,1,20201008,20201212
926,0,0,0,0,0,1,1,20201008,20201212
927,1,1,1,1,1,1,1,20201008,20201212
928,1,1,1,1,1,0,0,20201008,20201212
929,0,0,0,0,0,0,0,20201008,20201212
930,0,0,0,0,0,0,0,20201008,20201212
931,1,1,1,1,1,1,0,20201008,20201212
932,0,0,0,0,0,0,0,20201008,20201212
933,1,1,1,1,1,1,0,20201008,20201212
934,0,0,0,0,0,0,0,20201008,20201212
935,0,0,0,0,0,1,1,20201008,20201212
936,1,1,1,1,1,1,1,20201008,20201212
937,1,1,1,1,1,1,0,20201008,20201212
938,0,0,0,0,0,0,0,20201008,20201212
939,0,0,0,0,0,0,0,20201008,20201212
940,0,0,0,0,0,0,1,20201008,20201212
941,0,0,0,0,0,0,0,20201008,20201212
942,1,1,1,1,0,0,0,20201008,20201212
943,1,1,1,1,0,0,1,20201008,20201212
944,0,0,0,0,0,0,0,20201008,20201212
945,0,0,0,0,0,1,0,20201008,20201212
946,0,0,0,0,1,0,0,20201008,20201212
947,0,0,0,0,0,0,0,20201008,20201212
948,0,0,0,0,1,1,0,20201008,20201212
949,0,0,0,0,0,0,0,20201008,20201212
950,0,0,0,0,0,0,0,20201008,20201212
951,0,0,0,0,0,0,0,20201008,20201212
952,0,0,0,0,0,0,0,20201008,20201212
953,0,0,0,0,0,0,0,20201008,20201212
954,0,0,0,0,0,0,0,20201008,20201212
955,0,0,0,0,0,0,0,20201008,20201212
956,0,0,0,0,0,0,0,20201008,20201212
957,0,0,0,0,0,0,0,20201008,20201212
958,0,0,0,0,0,0,1,20201008,20201212
959,0,0,0,0,0,0,0,20201008,20201212
960,0,0,0,0,0,0,0,20201008,20201212
961,0,0,0,0,1,1,0,20201008,20201212
962,0,0,0,0,1,0,0,20201008,20201212
963,0,0,0,0,1,0,0,20201008,20201212
964,0,0,0,0,0,0,0,20201008,20201212
965,0,0,0,0,0,1,0,20201008,20201212
966,0,0,0,0,0,0,0,20201008,20201212
967,0,0,0,0,0,0,0,20201008,20201212
968,0,0,0,0,0,0,0,20201008,20201212
969,0,0,0,0,0,0,0,20201008,20201212
970,0,0,0,0,0,0,0,20201008,20201212
971,0,0,0,0,0,0,0,20201008,20201212
972,0,0,0,0,0,0,0,20201008,20201212
973,0,0,0,0,0,0,0,20201008,20201212
974,0,0,0,0,0,0,0,20201008,20201212
975,0,0,0,0,0,0,0,20201008,20201212
976,0,0,0,0,0,0,0,20201008,20201212
977,0,0,0,0,0,0,0,20201008,20201212
978,0,0,0,0,0,0,0,20201008,20201212
979,0,0,0,0,0,0,0,20201008,20201212
980,0,0,0,0,0,0,0,20201008,20201212
981,1,1,1,1,1,0,1,20201008,20201212
982,0,0,0,0,0,0,0,20201008,20201212
983,0,0,0,0,0,0,0,20201008,20201212
984,0,0,0,0,0,0,0,20201008,20201212
985,0,0,0,0,0,0,0,20201008,20201212
986,0,0,0,0,0,0,0,20201008,20201212
987,0,0,0,0,0,0,0,20201008,20201212
988,0,0,0,0,0,0,0,20201008,20201212
989,0,0,0,0,0,0,0,20201008,20201212
990,0,0,0,0,0,0,0,20201008,20201212
991,0,0,0,0,0,0,0,20201008,20201212
992,0,0,0,0,0,0,0,20201008,20201212
993,0,0,0,0,0,0,0,20201008,20201212
994,0,0,0,0,0,0,0,20201008,20201212
995,0,0,0,0,0,0,0,20201008,20201212
996,0,0,0,0,0,0,0,20201008,20201212
997,0,0,0,0,0,0,0,20201008,20201212
998,0,0,0,0,0,0,0,20201008,20201212
999,0,0,0,0,0,0,0,20201008,20201212
1000,0,0,0,0,0,0,0,20201008,20201212
1001,1,1,1,1,1,0,0,20201008,20201212
1002,1,1,1,1,1,1,0,20201008,20201212
1003,0,0,0,0,0,1,0,20201008,20201212
1004,0,0,0,0,0,1,1,20201008,20201212
1005,1,1,1,1,1,1,1,20201008,20201212
1006,0,0,0,0,0,0,0,20201008,20201212
1007,0,0,0,0,0,0,0,20201008,20201212
1008,0,0,0,0,0,0,0,20201008,20201212
1009,0,0,0,0,0,0,0,20201008,20201212
1010,0,0,0,0,0,0,0,20201008,20201212
1011,0,0,0,0,0,0,0,20201008,20201212
1012,0,0,0,0,0,0,0,20201008,20201212
1013,0,0,0,0,0,0,0,20201008,20201212
1014,0,0,0,0,0,0,0,20201008,20201212
1015,1,1,1,1,1,1,0,20201008,20201212
1016,0,0,0,0,1,0,1,20201008,20201212
1017,1,1,1,1,0,1,0,20201008,20201212
1018,0,0,0,0,1,1,0,20201008,20201212
1019,0,0,0,0,0,1,0,20201008,20201212
1020,1,1,1,1,0,0,1,20201008,20201212
1021,0,0,0,0,0,1,0,20201008,20201212
1022,0,0,0,0,1,1,1,20201008,20201212
1023,0,0,0,0,0,0,0,20201008,20201212
1024,0,0,0,0,0,0,0,20201008,20201212
1025,0,0,0,0,0,0,0,20201008,20201212
1026,0,0,0,0,0,0,0,20201008,20201212
1027,0,0,0,0,0,0,0,20201008,20201212
1028,0,0,0,0,0,0,0,20201008,20201212
1029,0,0,0,0,0,0,0,20201008,20201212
1030,0,0,0,0,0,0,0,20201008,20201212
1031,0,0,0,0,0,0,0,20201008,20201212
1032,1,1,1,1,1,0,0,20201008,20201212
1033,1,1,1,1,1,1,1,20201008,20201212
1034,0,0,0,0,0,0,0,20201008,20201212
1035,0,0,0,0,0,0,0,20201008,20201212
1036,0,0,0,0,0,0,0,20201008,20201212
1037,0,0,0,0,0,0,0,20201008,20201212
1038,1,0,1,1,0,0,0,20201008,20201212
1039,0,0,1,1,1,0,0,20201008,20201212
1040,0,0,0,0,0,0,0,20201008,20201212
1041,0,0,0,0,0,0,0,20201008,20201212
1042,0,0,0,0,0,1,1,20201008,20201212
1043,0,0,0,0,0,0,0,20201008,20201212
1044,0,0,0,0,0,0,1,20201008,20201212
1045,1,1,1,1,1,1,0,20201008,20201212
1046,1,1,1,1,1,1,1,20201008,20201212
1047,0,0,0,0,0,1,1,20201008,20201212
1048,1,1,1,1,1,1,1,20201008,20201212
1049,0,0,0,0,0,1,1,20201008,20201212
1050,0,0,1,0,1,0,0,20201008,20201212
1051,1,1,0,1,0,0,0,20201008,20201212
1052,1,1,1,0,0,0,0,20201008,20201212
1053,0,0,0,1,1,0,0,20201008,20201212
1054,1,1,0,1,1,0,0,20201008,20201212
1055,0,0,0,0,0,1,0,20201008,20201212
1056,1,1,0,1,1,0,0,20201008,20201212
1057,0,0,1,0,0,0,0,20201008,20201212
1058,1,1,1,1,1,1,1,20201008,20201212
1059,1,1,1,0,0,0,0,20201008,20201212
1060,0,0,0,1,1,0,0,20201008,20201212
1061,1,1,1,0,0,1,1,20201008,20201212
1062,1,1,1,0,1,0,0,20201008,20201212
1063,0,0,0,1,0,0,0,20201008,20201212
1064,0,1,0,1,0,0,0,20201008,20201212
1065,1,0,1,0,1,0,0,20201008,20201212
1066,0,0,1,0,1,0,0,20201008,20201212
1067,1,1,0,1,0,0,0,20201008,20201212
1068,1,1,1,1,1,0,0,20201008,20201212
1069,0,0,0,0,0,0,0,20201008,20201212
1070,1,1,1,1,1,1,1,20201008,20201212
1071,0,0,0,0,0,0,0,20201008,20201212
1072,0,0,0,0,0,1,1,20201008,20201212
1073,0,0,0,0,0,1,1,20201008,20201212
1074,1,1,1,1,1,0,0,20201008,20201212
1075,0,0,0,0,0,0,0,20201008,20201212
1076,1,1,1,1,1,0,0,20201008,20201212
1077,0,0,0,1,1,0,0,20201008,20201212
1078,0,1,0,1,1,0,0,20201008,20201212
1079,0,0,0,0,0,0,0,20201008,20201212
1080,0,0,0,0,0,0,0,20201008,20201212
1081,0,0,0,0,0,1,0,20201008,20201212
1082,0,0,0,0,0,0,0,20201008,20201212
1083,0,1,1,1,0,0,0,20201008,20201212
1084,0,0,0,0,0,0,0,20201008,20201212
1085,1,0,0,0,1,0,0,20201008,20201212
1086,0,0,0,0,0,0,0,20201008,20201212
1087,0,0,0,0,0,0,0,20201008,20201212
1088,0,1,0,1,0,0,0,20201008,20201212
1089,1,1,1,1,1,0,0,20201008,20201212
1090,0,0,0,0,0,0,0,20201008,20201212
1091,0,0,0,0,0,0,0,20201008,20201212
1092,1,1,1,1,0,0,0,20201008,20201212
1093,1,1,1,1,1,0,0,20201008,20201212
1094,0,0,0,0,0,1,1,20201008,20201212
1095,0,0,0,0,0,0,0,20201008,20201212
1096,0,0,0,0,0,1,1,20201008,20201212
1097,0,0,0,0,0,0,0,20201008,20201212
1098,0,0,0,0,0,0,0,20201008,20201212
1099,1,0,1,1,1,0,0,20201008,20201212
1100,0,1,0,0,0,0,0,20201008,20201212
1101,1,1,1,1,1,0,0,20201008,20201212
1102,0,0,0,0,0,0,0,20201008,20201212
1103,0,0,0,0,0,0,0,20201008,20201212
1104,0,0,0,0,0,0,0,20201008,20201212
1105,1,0,0,1,1,0,0,20201008,20201212
1106,0,1,1,0,0,0,0,20201008,20201212
1107,0,0,0,0,0,1,1,20201008,20201212
1108,1,1,1,1,1,1,1,20201008,20201212
1109,0,0,0,0,0,0,0,20201008,20201212
1110,0,0,0,0,0,0,0,20201008,20201212
1111,0,0,0,0,0,1,0,20201008,20201212
1112,0,0,0,0,0,1,0,20201008,20201212
1113,1,1,1,1,1,0,0,20201008,20201212
1114,1,1,1,1,1,1,1,20201008,20201212
1115,0,0,0,0,0,0,0,20201008,20201212
1116,0,0,0,0,0,0,0,20201008,20201212
1117,0,0,0,0,0,0,0,20201008,20201212
1118,1,0,1,1,0,0,0,20201008,20201212
1119,1,1,1,1,1,1,0,20201008,20201212
1120,0,0,0,0,0,1,1,20201008,20201212
1121,0,0,0,0,0,1,1,20201008,20201212
1122,0,0,0,0,0,0,0,20201008,20201212
1123,0,1,0,0,1,0,0,20201008,20201212
1124,0,0,0,0,0,0,0,20201008,20201212
1125,1,0,1,1,0,1,0,20201008,20201212
1126,1,1,1,1,1,1,1,20201008,20201212
1127,0,0,0,0,0,0,0,20201008,20201212
1128,1,0,1,0,0,0,0,20201008,20201212
1129,0,0,0,0,0,0,0,20201008,20201212
1130,1,0,1,0,0,1,0,20201008,20201212
1131,0,0,0,0,0,0,0,20201008,20201212
1132,0,0,0,0,0,1,1,20201008,20201212
1133,0,0,0,0,0,0,0,20201008,20201212
1134,0,0,0,0,0,0,0,20201008,20201212
1135,0,0,0,1,0,0,0,20201008,20201212
1136,0,0,0,0,0,1,1,20201008,20201212
1137,0,1,0,1,0,0,0,20201008,20201212
1138,1,0,1,0,1,1,0,20201008,20201212
1139,0,0,0,0,0,0,0,20201008,20201212
1140,0,0,1,0,0,0,0,20201008,20201212
1141,0,0,0,1,0,0,0,20201008,20201212
1142,0,0,0,0,0,0,0,20201008,20201212
1143,1,0,1,1,0,0,0,20201008,20201212
1144,0,0,0,0,0,0,0,20201008,20201212
1145,0,0,0,0,0,0,0,20201008,20201212
1146,0,0,0,0,0,0,0,20201008,20201212
1147,0,0,0,0,0,0,0,20201008,20201212
1148,1,1,1,1,1,0,0,20201008,20201212
1149,0,1,1,1,1,0,0,20201008,20201212
1150,1,0,0,0,0,0,0,20201008,20201212
1151,0,0,0,0,0,1,1,20201008,20201212
1152,0,1,0,0,1,0,0,20201008,20201212
1153,1,1,1,1,1,0,0,20201008,20201212
1154,1,1,1,1,1,0,0,20201008,20201212
1155,0,0,0,0,0,1,1,20201008,20201212
1156,0,0,0,0,0,0,0,20201008,20201212
1157,0,0,0,0,0,0,0,20201008,20201212
1158,0,0,0,0,0,0,0,20201008,20201212
1159,0,0,0,0,0,0,0,20201008,20201212
1160,0,0,0,0,0,0,0,20201008,20201212
1161,0,0,0,0,0,0,0,20201008,20201212
1162,0,1,0,0,1,0,0,20201008,20201212
1163,1,1,1,1,1,0,0,20201008,20201212
1164,0,1,0,0,1,0,0,20201008,20201212
1165,1,0,1,1,0,0,0,20201008,20201212
1166,0,0,0,0,0,0,0,20201008,20201212
1167,0,0,0,0,0,0,0,20201008,20201212
1168,0,0,0,0,0,0,0,20201008,20201212
1169,1,1,0,1,1,0,0,20201008,20201212
1170,0,0,1,0,0,0,0,20201008,20201212
1171,0,0,0,0,0,0,0,20201008,20201212
1172,1,1,1,1,1,0,0,20201008,20201212
1173,0,0,0,0,0,0,0,20201008,20201212
1174,0,0,0,0,0,0,0,20201008,20201212
1175,0,0,0,0,0,0,0,20201008,20201212
1176,0,1,0,1,0,0,0,20201008,20201212
1177,0,0,0,0,0,0,0,20201008,20201212
1178,0,0,0,0,0,0,0,20201008,20201212
1179,1,1,1,1,1,0,0,20201008,20201212
1180,1,1,1,1,0,0,0,20201008,20201212
1181,1,1,1,1,1,0,0,20201008,20201212
1182,0,0,0,0,0,0,0,20201008,20201212
1183,1,1,1,1,1,0,0,20201008,20201212
1184,0,0,0,0,0,0,0,20201008,20201212
1185,0,0,0,0,0,0,0,20201008,20201212
1186,1,1,1,1,1,0,0,20201008,20201212
1187,1,1,1,1,1,0,0,20201008,20201212
1188,0,0,0,0,0,0,0,20201008,20201212
1189,1,1,1,1,1,1,1,20201008,20201212
1190,1,1,1,1,1,1,1,20201008,20201212
1191,0,0,0,0,0,0,0,20201008,20201212
1192,0,0,0,0,0,0,0,20201008,20201212
1193,0,0,0,0,0,0,0,20201008,20201212
1194,0,0,0,0,0,0,0,20201008,20201212
1195,0,0,0,0,0,0,0,20201008,20201212
1196,0,0,0,0,0,0,0,20201008,20201212
1197,1,1,1,1,1,1,1,20201008,20201212
1198,1,1,1,1,1,1,1,20201008,20201212
1199,1,1,1,1,1,0,0,20201008,20201212
1200,0,0,0,0,0,0,0,20201008,20201212
1201,0,0,0,0,0,0,0,20201008,20201212
1202,0,0,0,0,0,0,0,20201008,20201212
1203,1,1,1,1,1,0,0,20201008,20201212
1204,0,0,0,1,1,0,0,20201008,20201212
1205,0,0,0,1,1,1,0,20201008,20201212
1206,1,1,1,1,1,0,0,20201008,20201212
1207,1,1,1,1,1,1,1,20201008,20201212
1208,1,1,1,1,1,1,1,20201008,20201212
1209,1,1,1,1,1,1,1,20201008,20201212
1210,0,0,0,0,0,1,1,20201008,20201212
1211,1,1,1,1,1,1,1,20201008,20201212
1212,1,1,1,1,1,0,0,20201008,20201212
1213,0,0,0,0,0,1,0,20201008,20201212
1214,1,1,1,1,1,1,0,20201008,20201212
1215,1,1,1,1,1,0,0,20201008,20201212
1216,1,1,1,1,1,1,1,20201008,20201212
1217,1,1,1,1,1,1,0,20201008,20201212
1218,0,0,0,0,0,0,1,20201008,20201212
1219,0,0,0,1,1,0,0,20201008,20201212
1220,1,1,1,1,1,0,0,20201008,20201212
1221,0,0,0,0,0,1,1,20201008,20201212
1222,1,1,1,1,1,0,0,20201008,20201212
1223,0,0,0,0,0,0,1,20201008,20201212
1224,1,1,1,1,1,1,0,20201008,20201212
1225,0,0,0,0,0,1,1,20201008,20201212
1226,0,1,0,0,1,0,0,20201008,20201212
1227,1,1,1,1,1,0,0,20201008,20201212
1228,1,1,1,1,1,1,1,20201008,20201212
1229,1,1,1,1,1,0,0,20201008,20201212
1230,0,0,0,0,0,0,0,20201008,20201212
1231,1,1,1,1,1,1,0,20201008,20201212
1232,1,1,1,1,1,0,1,20201008,20201212
1233,0,0,0,0,0,1,0,20201008,20201212
1234,0,0,0,0,0,1,1,20201008,20201212
1235,1,1,1,1,1,1,0,20201008,20201212
1236,1,1,1,1,1,1,1,20201008,20201212
1237,1,1,1,1,0,0,1,20201008,20201212
1238,0,0,0,0,0,1,0,20201008,20201212
1239,0,0,0,0,0,0,1,20201008,20201212
1240,0,0,0,0,0,0,0,20201008,20201212
1241,0,0,0,0,0,1,0,20201008,20201212
1242,0,0,0,0,0,1,0,20201008,20201212
1243,0,0,0,0,0,0,0,20201008,20201212
1244,0,0,0,0,0,1,0,20201008,20201212
1245,0,0,0,0,0,0,0,20201008,20201212
1246,0,0,0,0,0,0,0,20201008,20201212
1247,0,0,0,0,0,0,0,20201008,20201212
1248,0,0,0,0,0,0,0,20201008,20201212
1249,0,0,0,0,0,0,0,20201008,20201212
1250,0,0,0,0,0,0,0,20201008,20201212
1251,0,0,0,0,1,1,0,20201008,20201212
1252,0,0,0,0,0,0,0,20201008,20201212
1253,0,0,0,0,0,0,0,20201008,20201212
1254,0,0,0,0,0,0,0,20201008,20201212
1255,0,0,0,0,0,0,0,20201008,20201212
1256,0,0,0,0,0,0,0,20201008,20201212
1257,0,0,0,0,0,0,0,20201008,20201212
1258,0,0,0,0,0,0,0,20201008,20201212
1259,0,0,0,0,0,0,0,20201008,20201212
1260,0,0,0,0,0,0,0,20201008,20201212
1261,0,0,0,0,0,0,0,20201008,20201212
1262,0,0,0,0,0,0,0,20201008,20201212
1263,0,0,0,0,0,0,0,20201008,20201212
1264,0,0,0,0,0,0,0,20201008,20201212
1265,0,0,0,0,0,0,0,20201008,20201212
1266,0,0,0,0,0,0,0,20201008,20201212
1267,0,0,0,0,0,0,0,20201008,20201212
1268,1,1,1,1,1,1,0,20201008,20201212
1269,0,0,0,0,0,0,0,20201008,20201212
1270,1,1,1,1,1,1,0,20201008,20201212
1271,0,0,0,0,0,1,0,20201008,20201212
1272,0,0,0,0,0,1,0,20201008,20201212
1273,0,0,0,0,0,1,0,20201008,20201212
1274,0,0,0,1,1,0,0,20201008,20201212
1275,0,0,0,0,0,0,0,20201008,20201212
1276,0,0,0,0,0,0,0,20201008,20201212
1277,0,0,0,0,0,0,0,20201008,20201212
1278,0,0,0,0,1,1,0,20201008,20201212
1279,0,0,0,0,1,1,0,20201008,20201212
1280,0,0,0,0,0,0,0,20201008,20201212
1281,1,1,1,1,0,0,1,20201008,20201212
1282,1,1,1,1,1,1,0,20201008,20201212
1283,0,0,0,0,0,1,0,20201008,20201212
1284,1,1,1,1,1,0,1,20201008,20201212
1285,1,1,1,1,1,0,0,20201008,20201212
1286,1,1,1,1,1,1,0,20201008,20201212
1287,1,1,1,1,1,1,1,20201008,20201212
1288,1,1,1,1,1,0,1,20201008,20201212
1289,0,0,0,0,0,0,0,20201008,20201212
1290,0,0,0,0,0,0,0,20201008,20201212
1291,0,0,0,0,0,0,1,20201008,20201212
1292,1,1,1,1,1,1,0,20201008,20201212
1293,0,0,0,0,0,0,0,20201008,20201212
1294,0,0,0,0,0,0,0,20201008,20201212
1295,0,0,0,0,0,0,0,20201008,20201212
1296,0,0,0,0,0,0,1,20201008,20201212
1297,0,0,0,0,0,1,0,20201008,20201212
1298,1,1,1,1,1,0,1,20201008,20201212
1299,1,1,1,1,0,0,1,20201008,20201212
1300,0,0,0,0,0,0,0,20201008,20201212
1301,0,0,0,0,0,0,0,20201008,20201212
1302,1,1,1,1,1,1,1,20201008,20201212
1303,1,1,1,1,1,1,0,20201008,20201212
1304,0,0,0,0,1,1,0,20201008,20201212
1305,0,0,0,0,0,0,0,20201008,20201212
1306,0,0,0,0,0,0,0,20201008,20201212
1307,1,1,1,1,0,0,1,20201008,20201212
1308,0,0,0,0,0,0,0,20201008,20201212
1309,1,1,1,1,1,0,0,20201008,20201212
1310,1,1,1,1,0,1,1,20201008,20201212
1311,0,0,0,0,0,0,0,20201008,20201212
1312,0,0,0,0,0,0,0,20201008,20201212
1313,1,1,1,1,1,1,0,20201008,20201212
1314,0,0,0,0,0,1,0,20201008,20201212
1315,1,1,1,1,1,1,1,20201008,20201212
1316,1,1,1,1,0,1,1,20201008,20201212
1317,1,1,1,1,0,0,0,20201008,20201212
1318,0,0,0,0,1,1,0,20201008,20201212
1319,0,0,0,0,0,1,0,20201008,20201212
1320,0,0,0,0,0,0,0,20201008,20201212
1321,0,0,0,0,0,0,0,20201008,20201212
1322,1,1,1,1,0,0,0,20201008,20201212
1323,1,1,1,1,0,0,1,20201008,20201212
1324,0,0,0,0,0,0,0,20201008,20201212
1325,0,0,0,0,0,0,0,20201008,20201212
1326,0,0,0,0,0,0,0,20201008,20201212
1327,0,0,0,0,0,0,0,20201008,20201212
1328,0,0,0,0,0,1,0,20201008,20201212
1329,0,0,0,0,0,1,0,20201008,20201212
1330,1,1,1,1,0,0,0,20201008,20201212
1331,0,0,0,0,0,0,0,20201008,20201212
1332,0,0,0,0,0,0,0,20201008,20201212
1333,1,1,1,1,0,0,0,20201008,20201212
1334,0,0,0,0,0,0,0,20201008,20201212
1335,0,0,0,0,0,1,0,20201008,20201212
1336,0,0,0,0,1,0,0,20201008,20201212
1337,0,0,0,0,1,1,0,20201008,20201212
1338,0,0,0,0,1,1,0,20201008,20201212
1339,0,0,0,0,0,1,0,20201008,20201212
1340,0,0,0,0,0,1,0,20201008,20201212
1341,0,0,0,0,1,0,0,20201008,20201212
1342,0,0,0,0,0,1,0,20201008,20201212
1343,0,0,0,0,0,1,0,20201008,20201212
1344,0,0,0,0,0,0,0,20201008,20201212
1345,0,0,0,0,0,1,0,20201008,20201212
1346,0,0,0,0,1,0,0,20201008,20201212
1347,0,0,0,0,1,1,0,20201008,20201212
1348,0,0,0,0,0,0,0,20201008,20201212
1349,0,0,0,0,1,1,0,20201008,20201212
1350,0,0,0,0,1,1,0,20201008,20201212
1351,0,0,0,0,1,1,0,20201008,20201212
1352,0,0,0,0,0,0,0,20201008,20201212
1353,0,0,0,1,1,0,0,20201008,20201212
1354,0,0,0,0,0,0,0,20201008,20201212
1355,0,0,0,0,0,0,0,20201008,20201212
1356,1,1,1,1,0,0,0,20201008,20201212
1357,1,1,1,1,0,0,0,20201008,20201212
1358,1,1,1,1,0,0,0,20201008,20201212
1359,0,0,0,0,0,0,0,20201008,20201212
1360,0,0,0,0,0,0,0,20201008,20201212
1361,1,1,1,1,0,0,0,20201008,20201212
1362,0,0,0,0,1,1,0,20201008,20201212
1363,1,1,1,1,1,1,0,20201008,20201212
1364,1,1,1,1,0,1,1,20201008,20201212
1365,0,0,0,0,0,1,1,20201008,20201212
1366,1,1,1,1,1,0,0,20201008,20201212
1367,1,1,1,1,1,0,0,20201008,20201212
1368,0,0,0,0,0,1,1,20201008,20201212
1369,1,1,1,1,1,1,1,20201008,20201212
1370,0,0,0,0,1,1,1,20201008,20201212
1371,0,0,0,0,1,1,1,20201008,20201212
1372,1,1,1,1,1,1,0,20201008,20201212
1373,1,1,1,1,1,0,1,20201008,20201212
1374,0,0,0,0,0,0,0,20201008,20201212
1375,0,0,0,0,0,0,0,20201008,20201212
1376,0,0,0,0,0,0,0,20201008,20201212
1377,0,0,0,0,0,0,0,20201008,20201212
1378,0,0,0,1,1,0,0,20201008,20201212
1379,0,0,0,1,1,0,0,20201008,20201212
1380,0,0,0,0,0,0,1,20201008,20201212
1381,0,0,0,0,1,1,0,20201008,20201212
1382,1,1,1,1,0,0,1,20201008,20201212
1383,0,0,0,0,0,0,0,20201008,20201212
1384,0,0,0,0,0,1,0,20201008,20201212
1385,0,0,0,0,0,0,0,20201008,20201212
1386,1,1,1,1,0,0,1,20201008,20201212
1387,0,0,0,0,1,1,0,20201008,20201212
1388,0,0,0,1,0,0,0,20201008,20201212
1389,0,0,0,0,1,1,0,20201008,20201212
1390,1,1,1,1,1,1,1,20201008,20201212
1391,0,0,0,0,0,1,1,20201008,20201212
1392,1,1,1,1,1,1,1,20201008,20201212
1393,0,0,0,0,0,0,0,20201008,20201212
1394,0,0,0,0,0,0,0,20201008,20201212
1395,0,0,0,0,0,0,0,20201008,20201212
1396,0,0,0,0,0,1,1,20201008,20201212
1397,0,0,0,0,0,0,1,20201008,20201212
1398,0,0,0,0,0,0,0,20201008,20201212
1399,0,0,0,0,0,1,1,20201008,20201212
1400,1,1,1,1,1,0,0,20201008,20201212
1401,1,1,1,1,1,0,0,20201008,20201212
1402,0,0,0,0,0,1,1,20201008,20201212
1403,0,0,0,0,0,1,0,20201008,20201212
1404,0,0,0,0,0,1,1,20201008,20201212
1405,0,0,0,0,0,0,1,20201008,20201212
1406,0,0,0,0,0,1,0,20201008,20201212
1407,0,0,0,0,0,1,1,20201008,20201212
1408,0,0,0,0,0,1,1,20201008,20201212
1409,1,1,1,1,1,1,1,20201008,20201212
1410,1,1,1,1,1,0,0,20201008,20201212
1411,0,0,0,0,0,0,1,20201008,20201212
1412,0,0,0,0,0,0,0,20201008,20201212
1413,1,1,1,1,1,1,1,20201008,20201212
1414,0,0,0,0,0,0,1,20201008,20201212
1415,1,1,1,1,1,1,1,20201008,20201212
1416,1,1,1,1,1,0,0,20201008,20201212
1417,0,0,0,0,0,1,1,20201008,20201212
1418,0,0,0,0,0,1,1,20201008,20201212
1419,1,1,1,1,1,1,1,20201008,20201212
1420,0,0,0,0,0,0,0,20201008,20201212
1421,0,0,0,0,0,0,0,20201008,20201212
1422,1,1,1,1,1,0,0,20201008,20201212
1423,0,0,0,0,0,0,0,20201008,20201212
1424,1,1,1,1,1,1,1,20201008,20201212
1425,0,0,0,0,0,0,0,20201008,20201212
1426,1,1,1,1,1,0,1,20201008,20201212
1427,0,0,0,0,0,0,1,20201008,20201212
1428,1,1,1,1,1,0,0,20201008,20201212
1429,0,0,0,0,0,1,0,20201008,20201212
1430,0,0,0,0,0,0,0,20201008,20201212
1431,0,0,0,0,0,1,0,20201008,20201212
1432,0,0,0,0,0,0,0,20201008,20201212
1433,0,0,0,0,0,0,1,20201008,20201212
1434,1,1,1,1,1,1,1,20201008,20201212
1435,1,1,1,1,1,1,1,20201008,20201212
1436,0,0,0,0,0,1,1,20201008,20201212
1437,0,0,0,0,0,0,1,20201008,20201212
1438,0,0,0,0,0,0,0,20201008,20201212
1439,0,0,0,0,0,1,1,20201008,20201212
1440,1,1,1,1,1,1,1,20201008,20201212
1441,1,1,1,1,1,1,0,20201008,20201212
1442,1,1,1,1,1,1,1,20201008,20201212
1443,0,0,0,0,0,0,0,20201008,20201212
1444,1,1,1,1,1,0,1,20201008,20201212
1445,0,0,0,0,0,1,0,20201008,20201212
1446,0,0,0,0,0,0,0,20201008,20201212
1447,0,0,0,0,0,0,0,20201008,20201212
1448,1,1,1,1,1,0,0,20201008,20201212
1449,0,0,0,0,0,0,1,20201008,20201212
1450,0,0,0,0,0,0,1,20201008,20201212
1451,1,1,1,1,0,0,0,20201008,20201212
1452,1,1,1,1,0,0,1,20201008,20201212
1453,1,1,1,1,0,0,0,20201008,20201212
1454,0,0,0,0,0,1,0,20201008,20201212
1455,0,0,0,0,0,0,1,20201008,20201212
1456,0,0,0,0,0,1,1,20201008,20201212
1457,0,0,0,0,1,0,0,20201008,20201212
1458,1,1,1,1,1,1,0,20201008,20201212
1459,0,0,0,0,0,1,0,20201008,20201212
1460,0,0,0,0,0,1,1,20201008,20201212
1461,1,1,1,1,1,1,1,20201008,20201212
1462,1,1,1,1,1,1,1,20201008,20201212
1463,0,0,0,0,1,1,0,20201008,20201212
1464,1,1,1,1,1,1,1,20201008,20201212
1465,0,0,0,0,0,1,0,20201008,20201212
1466,0,0,0,0,0,0,0,20201008,20201212
1467,1,1,1,1,1,1,1,20201008,20201212
1468,1,1,1,1,1,0,0,20201008,20201212
1469,0,0,0,0,0,1,1,20201008,20201212
1470,0,0,0,0,0,1,0,20201008,20201212
1471,1,1,1,1,1,0,0,20201008,20201212
1472,0,0,0,0,0,0,1,20201008,20201212
1473,1,1,1,1,1,1,1,20201008,20201212
1474,1,1,1,1,1,1,0,20201008,20201212
1475,1,1,1,1,1,0,1,20201008,20201212
1476,1,1,1,1,1,1,0,20201008,20201212
1477,0,0,0,0,1,1,0,20201008,20201212
1478,1,1,1,1,0,0,1,20201008,20201212
1479,0,0,0,0,0,0,0,20201008,20201212
1480,0,0,0,0,1,1,0,20201008,20201212
1481,1,1,1,1,1,1,1,20201008,20201212
1482,1,1,1,1,0,0,1,20201008,20201212
1483,0,0,0,0,0,0,0,20201008,20201212
1484,1,1,1,1,1,1,1,20201008,20201212
1485,1,1,1,1,1,0,0,20201008,20201212
1486,0,0,0,0,0,1,0,20201008,20201212
1487,0,0,0,0,0,1,1,20201008,20201212
1488,0,0,0,0,0,0,1,20201008,20201212
1489,1,1,1,1,1,0,0,20201008,20201212
1490,1,1,1,1,1,1,1,20201008,20201212
1491,0,0,0,0,0,1,1,20201008,20201212
1492,1,1,1,1,1,0,0,20201008,20201212
1493,0,0,0,0,0,0,0,20201008,20201212
1494,0,0,0,0,0,0,0,20201008,20201212
1495,0,0,0,0,0,0,0,20201008,20201212
1496,0,0,0,0,0,0,0,20201008,20201212
1497,0,0,0,0,0,0,0,20201008,20201212
1498,0,0,0,0,0,0,0,20201008,20201212
1499,0,0,0,0,0,0,0,20201008,20201212
1500,1,1,1,1,1,1,1,20201008,20201212
1501,0,0,0,0,0,0,0,20201008,20201212
1502,1,1,1,1,1,0,0,20201008,20201212
1503,1,1,1,1,1,0,0,20201008,20201212
1504,1,1,1,1,1,0,1,20201008,20201212
1505,0,0,0,0,0,1,0,20201008,20201212
1506,0,0,0,0,0,0,0,20201008,20201212
1507,0,0,0,0,0,0,1,20201008,20201212
1508,0,0,0,0,0,1,0,20201008,20201212
1509,0,0,0,0,0,1,0,20201008,20201212
1510,1,1,1,1,1,1,0,20201008,20201212
1511,1,1,1,1,1,1,1,20201008,20201212
1512,1,1,1,1,0,1,0,20201008,20201212
1513,0,0,0,0,1,1,0,20201008,20201212
1514,1,1,1,1,0,0,1,20201008,20201212
1515,0,0,0,0,1,1,1,20201008,20201212
1516,0,0,0,0,0,0,0,20201008,20201212
1517,1,1,1,1,1,0,0,20201008,20201212
1518,0,0,0,0,0,0,1,20201008,20201212
1519,1,1,1,1,1,1,1,20201008,20201212
1520,1,1,1,1,1,1,0,20201008,20201212
1521,1,1,1,1,1,1,0,20201008,20201212
1522,1,1,1,1,1,1,0,20201008,20201212
1523,0,0,0,0,0,1,0,20201008,20201212
1524,0,0,0,0,0,0,0,20201008,20201212
1525,1,1,1,1,1,1,0,20201008,20201212
1526,1,1,1,1,0,0,1,20201008,20201212
1527,1,1,1,1,1,1,1,20201008,20201212
1528,0,0,0,0,0,0,0,20201008,20201212
1529,1,1,1,1,1,1,1,20201008,20201212
1530,1,1,1,1,1,0,0,20201008,20201212
1531,0,0,0,0,0,0,0,20201008,20201212
1532,0,0,0,0,0,0,0,20201008,20201212
1533,0,0,0,0,0,0,0,20201008,20201212
1534,1,1,1,1,1,0,0,20201008,20201212
1535,1,1,1,1,1,1,0,20201008,20201212
1536,1,1,1,1,1,1,1,20201008,20201212
1537,0,0,0,0,0,0,0,20201008,20201212
1538,0,0,0,0,0,0,0,20201008,20201212
1539,0,0,0,0,0,0,0,20201008,20201212
1540,0,0,0,0,0,0,0,20201008,20201212
1541,0,0,0,0,0,0,0,20201008,20201212
1542,0,0,0,0,0,0,0,20201008,20201212
1543,0,0,0,0,0,0,0,20201008,20201212
1544,0,0,0,0,0,0,0,20201008,20201212
1545,1,1,1,1,1,0,0,20201008,20201212
1546,1,1,1,1,1,1,1,20201008,20201212
1547,1,1,1,1,1,1,1,20201008,20201212
1548,0,0,0,0,0,0,0,20201008,20201212
1549,1,1,1,1,1,0,0,20201008,20201212
1550,0,0,0,0,0,1,0,20201008,20201212
1551,0,0,0,0,0,1,0,20201008,20201212
1552,0,0,0,0,0,0,1,20201008,20201212
1553,1,1,1,1,1,0,0,20201008,20201212
1554,1,1,1,1,1,0,0,20201008,20201212
1555,0,0,0,0,0,0,0,20201008,20201212
1556,0,0,0,0,0,0,0,20201008,20201212
1557,0,0,0,0,0,0,0,20201008,20201212
1558,0,0,0,0,0,1,1,20201008,20201212
1559,0,0,0,0,0,0,1,20201008,20201212
1560,0,0,0,0,0,0,0,20201008,20201212
1561,1,1,1,1,1,1,1,20201008,20201212
1562,1,1,1,1,1,0,0,20201008,20201212
1563,0,0,0,0,0,0,0,20201008,20201212
1564,0,0,0,0,0,1,1,20201008,20201212
1565,1,1,1,1,1,0,0,20201008,20201212
1566,0,0,0,0,0,1,1,20201008,20201212
1567,1,1,1,1,1,1,1,20201008,20201212
1568,1,1,1,1,1,1,0,20201008,20201212
1569,0,0,0,0,0,0,0,20201008,20201212
1570,0,0,0,0,0,0,1,20201008,20201212
1571,0,0,0,0,0,0,1,20201008,20201212
1572,0,0,0,0,0,0,1,20201008,20201212
1573,0,0,0,0,0,1,1,20201008,20201212
1574,0,0,0,0,0,1,0,20201008,20201212
1575,0,0,0,0,0,1,1,20201008,20201212
1576,0,0,0,0,0,1,0,20201008,20201212
1577,0,0,0,0,0,0,0,20201008,20201212
1578,1,1,1,1,1,0,0,20201008,20201212
1579,0,0,0,0,0,0,1,20201008,20201212
1580,0,0,0,0,0,1,1,20201008,20201212
1581,1,1,1,1,1,1,1,20201008,20201212
1582,0,0,0,0,0,0,0,20201008,20201212
1583,1,1,1,1,1,1,0,20201008,20201212
1584,0,0,0,1,1,0,0,20201008,20201212
1585,0,0,0,0,0,0,0,20201008,20201212
1586,0,0,0,0,0,1,0,20201008,20201212
1587,0,0,0,1,1,1,0,20201008,20201212
1588,0,0,0,1,1,1,0,20201008,20201212
1589,1,1,1,1,1,1,0,20201008,20201212
1590,0,0,0,0,0,1,0,20201008,20201212
1591,0,0,0,0,0,0,0,20201008,20201212
1592,0,0,0,0,0,0,0,20201008,20201212
1593,1,1,1,1,1,1,0,20201008,20201212
1594,0,0,0,0,0,0,0,20201008,20201212
1595,0,0,0,0,0,0,0,20201008,20201212
1596,0,0,0,0,0,0,0,20201008,20201212
1597,0,0,0,0,0,0,0,20201008,20201212
1598,1,1,1,1,1,0,0,20201008,20201212
1599,0,0,0,0,0,0,0,20201008,20201212
1600,0,0,0,0,0,1,1,20201008,20201212
1601,0,0,0,0,0,0,0,20201008,20201212
1602,1,1,1,1,1,0,1,20201008,20201212
1603,0,0,0,0,0,0,0,20201008,20201212
1604,1,1,1,1,1,0,0,20201008,20201212
1605,1,1,1,1,1,1,1,20201008,20201212
1606,0,0,0,0,0,1,0,20201008,20201212
1607,1,1,1,1,1,1,0,20201008,20201212
1608,0,0,0,0,0,0,0,20201008,20201212
1609,0,0,0,0,0,1,0,20201008,20201212
1610,1,1,1,1,1,1,1,20201008,20201212
1611,0,0,0,0,0,1,1,20201008,20201212
1612,0,0,0,0,0,0,1,20201008,20201212
1613,0,0,0,0,0,1,1,20201008,20201212
1614,0,0,0,0,0,0,1,20201008,20201212
1615,0,0,0,0,0,1,0,20201008,20201212
1616,0,0,0,1,1,1,0,20201008,20201212
1617,0,0,0,1,1,1,1,20201008,20201212
1618,0,0,0,0,0,0,0,20201008,20201212
1619,0,0,0,0,0,0,0,20201008,20201212
1620,0,0,0,0,0,0,0,20201008,20201212
1621,1,1,1,1,1,0,0,20201008,20201212
1622,1,1,1,1,1,0,0,20201008,20201212
1623,0,0,0,0,0,0,0,20201008,20201212
1624,0,0,0,0,0,1,1,20201008,20201212
1625,0,0,0,1,1,1,0,20201008,20201212
1626,1,1,1,1,1,1,1,20201008,20201212
1627,0,0,0,1,1,1,0,20201008,20201212
1628,0,0,0,0,0,1,1,20201008,20201212
1629,1,1,1,1,1,0,1,20201008,20201212
1630,0,0,0,0,0,0,0,20201008,20201212
1631,1,1,1,1,1,1,1,20201008,20201212
1632,1,1,1,1,1,0,0,20201008,20201212
1633,1,1,1,1,1,0,0,20201008,20201212
1634,1,1,1,1,1,1,0,20201008,20201212
1635,0,0,0,0,0,1,1,20201008,20201212
1636,0,0,0,0,0,1,1,20201008,20201212
1637,1,1,1,1,1,1,1,20201008,20201212
1638,0,0,0,0,0,0,1,20201008,20201212
1639,1,1,1,1,1,1,1,20201008,20201212
1640,0,0,0,0,0,0,0,20201008,20201212
1641,0,0,0,0,0,0,0,20201008,20201212
1642,0,0,0,0,0,1,1,20201008,20201212
1643,0,0,0,0,0,0,0,20201008,20201212
1644,1,1,1,1,1,1,0,20201008,20201212
1645,0,0,0,0,0,0,0,20201008,20201212
1646,1,1,1,1,1,1,1,20201008,20201212
1647,0,0,0,0,0,0,0,20201008,20201212
1648,1,1,1,1,1,1,0,20201008,20201212
1649,0,0,0,0,0,0,0,20201008,20201212
1650,0,0,0,0,0,0,0,20201008,20201212
1651,0,0,0,0,0,1,1,20201008,20201212
1652,0,0,0,0,0,1,0,20201008,20201212
1653,0,0,0,0,0,1,0,20201008,20201212
1654,1,1,1,1,1,0,0,20201008,20201212
1655,0,0,0,0,0,1,0,20201008,20201212
1656,0,0,0,0,0,0,0,20201008,20201212
1657,0,0,0,0,0,0,0,20201008,20201212
1658,1,1,1,1,1,0,0,20201008,20201212
1659,0,0,0,0,0,1,0,20201008,20201212
1660,1,1,1,1,1,1,1,20201008,20201212
1661,0,0,0,0,0,1,1,20201008,20201212
1662,0,0,0,0,0,0,0,20201008,20201212
1663,0,0,0,0,0,0,1,20201008,20201212
1664,0,0,0,0,0,0,0,20201008,20201212
1665,0,0,0,0,0,1,0,20201008,20201212
1666,1,1,1,1,1,0,0,20201008,20201212
1667,0,0,0,0,0,0,0,20201008,20201212
1668,0,0,0,0,0,1,1,20201008,20201212
1669,0,0,0,0,0,0,1,20201008,20201212
1670,0,0,0,0,0,0,0,20201008,20201212
1671,0,0,0,0,0,0,0,20201008,20201212
1672,1,1,1,1,1,1,1,20201008,20201212
1673,0,0,0,0,0,0,0,20201008,20201212
1674,1,1,1,1,1,0,0,20201008,20201212
1675,1,1,1,1,1,1,0,20201008,20201212
1676,0,0,0,0,0,1,1,20201008,20201212
1677,0,0,0,0,0,0,1,20201008,20201212
1678,1,1,1,1,1,1,1,20201008,20201212
1679,1,1,1,1,1,0,1,20201008,20201212
1680,0,0,0,1,1,0,0,20201008,20201212
1681,0,0,0,1,1,1,0,20201008,20201212
1682,0,0,0,0,0,1,0,20201008,20201212
1683,0,0,0,0,0,0,0,20201008,20201212
1684,0,0,0,1,1,1,0,20201008,20201212
1685,0,0,0,1,1,0,0,20201008,20201212
1686,1,1,1,1,1,0,1,20201008,20201212
1687,0,0,0,0,0,1,0,20201008,20201212
1688,0,0,0,0,0,0,0,20201008,20201212
1689,1,1,1,0,1,0,0,20201008,20201212
1690,0,0,0,1,1,0,0,20201008,20201212
1691,1,0,1,0,0,0,0,20201008,20201212
1692,1,1,1,0,1,0,0,20201008,20201212
1693,1,1,1,1,0,1,0,20201008,20201212
1694,0,0,0,1,0,0,0,20201008,20201212
1695,0,0,0,0,0,0,0,20201008,20201212
1696,0,0,0,0,0,0,0,20201008,20201212
1697,0,1,0,1,0,0,0,20201008,20201212
1698,1,1,0,0,0,0,0,20201008,20201212
1699,1,0,1,0,0,0,0,20201008,20201212
1700,1,0,1,0,0,0,0,20201008,20201212
1701,0,1,0,1,1,0,0,20201008,20201212
1702,1,0,1,0,0,0,0,20201008,20201212
1703,0,0,0,0,0,0,0,20201008,20201212
1704,1,1,1,1,1,0,0,20201008,20201212
1705,0,0,0,0,0,0,0,20201008,20201212
1706,1,1,1,1,1,1,1,20201008,20201212
1707,0,0,0,0,0,0,0,20201008,20201212
1708,0,0,0,0,0,0,0,20201008,20201212
1709,0,0,0,0,0,0,0,20201008,20201212
1710,0,0,0,0,0,0,0,20201008,20201212
1711,0,0,0,0,0,0,0,20201008,20201212
1712,1,1,1,1,1,0,0,20201008,20201212
1713,1,1,1,1,1,1,0,20201008,20201212
1714,1,1,1,1,1,1,0,20201008,20201212
1715,0,0,0,0,0,1,0,20201008,20201212
1716,0,0,0,0,0,0,1,20201008,20201212
1717,1,1,1,1,1,0,0,20201008,20201212
1718,1,1,1,1,1,1,0,20201008,20201212
1719,0,0,0,0,0,0,1,20201008,20201212
1720,0,0,0,0,0,1,0,20201008,20201212
1721,0,0,0,0,0,0,0,20201008,20201212
1722,0,0,0,0,0,0,0,20201008,20201212
1723,1,1,1,1,1,0,1,20201008,20201212
1724,1,1,1,1,1,0,0,20201008,20201212
1725,0,0,0,0,0,0,0,20201008,20201212
1726,0,0,0,0,0,0,0,20201008,20201212
1727,0,0,0,0,0,0,0,20201008,20201212
1728,1,1,1,1,1,0,0,20201008,20201212
1729,0,0,0,0,0,0,0,20201008,20201212
1730,1,1,1,1,1,0,0,20201008,20201212
1731,0,0,0,0,1,0,0,20201008,20201212
1732,0,0,0,0,0,0,0,20201008,20201212
1733,1,1,1,1,0,0,0,20201008,20201212
1734,0,0,0,0,0,0,0,20201008,20201212
1735,0,0,0,0,0,0,0,20201008,20201212
1736,0,0,0,0,0,0,0,20201008,20201212
1737,1,1,1,1,1,1,1,20201008,20201212
1738,1,1,1,1,1,1,0,20201008,20201212
1739,0,0,0,0,0,0,1,20201008,20201212
1740,1,1,1,1,1,0,0,20201008,20201212
1741,0,0,0,0,0,1,1,20201008,20201212
1742,0,0,0,0,0,0,0,20201008,20201212
1743,1,1,1,1,1,1,0,20201008,20201212
1744,0,0,0,0,0,0,0,20201008,20201212
1745,1,1,1,1,1,1,1,20201008,20201212
1746,0,0,1,1,1,0,0,20201008,20201212
1747,0,0,0,0,0,0,0,20201008,20201212
1748,1,0,1,1,1,1,1,20201008,20201212
1749,0,0,0,0,0,0,0,20201008,20201212
1750,1,0,1,1,1,1,1,20201008,20201212
1751,0,0,0,0,0,0,0,20201008,20201212
1752,1,1,1,1,1,1,1,20201008,20201212
1753,1,1,1,1,1,1,1,20201008,20201212
1754,1,1,1,1,1,1,1,20201008,20201212
1755,1,0,1,1,1,1,1,20201008,20201212
1756,1,1,1,1,1,1,1,20201008,20201212
1757,1,0,1,1,1,1,1,20201008,20201212
1758,1,1,1,1,1,1,1,20201008,20201212
1759,1,1,1,1,1,1,1,20201008,20201212
1760,0,0,0,0,0,0,0,20201008,20201212
1761,0,0,0,0,0,0,0,20201008,20201212
1762,0,0,1,1,1,1,0,20201008,20201212
1763,0,0,0,0,0,0,0,20201008,20201212
1764,0,0,0,0,0,0,0,20201008,20201212
1765,1,1,1,1,1,1,0,20201008,20201212
1766,0,0,0,0,0,0,0,20201008,20201212
1767,0,0,0,0,0,0,1,20201008,20201212
1768,0,0,0,0,0,0,0,20201008,20201212
1769,0,0,0,0,0,0,0,20201008,20201212
1770,1,1,1,1,1,1,1,20201008,20201212
1771,0,0,0,0,0,0,0,20201008,20201212
1772,1,1,1,1,1,1,1,20201008,20201212
1773,1,1,1,1,1,1,1,20201008,20201212
1774,1,0,1,1,1,1,1,20201008,20201212
1775,0,0,0,0,0,0,0,20201008,20201212
1776,1,1,1,1,1,1,1,20201008,20201212
1777,0,0,0,0,0,0,0,20201008,20201212
1778,1,1,1,1,1,1,1,20201008,20201212
1779,0,0,0,0,0,1,1,20201008,20201212
1780,1,1,1,1,1,1,1,20201008,20201212
1781,1,1,1,1,1,1,1,20201008,20201212
1782,1,1,1,1,1,1,1,20201008,20201212
1783,1,1,1,1,1,1,1,20201008,20201212
1784,0,0,0,0,0,0,0,20201008,20201212
1785,1,1,1,1,1,1,1,20201008,20201212
1786,1,1,1,1,1,0,0,20201008,20201212
1787,0,0,0,0,0,0,0,20201008,20201212
1788,1,1,1,1,1,1,0,20201008,20201212
1789,0,0,0,0,0,0,0,20201008,20201212
1790,0,0,0,0,0,0,0,20201008,20201212
1791,1,1,1,1,1,1,0,20201008,20201212
1792,0,0,0,0,0,0,0,20201008,20201212
1793,0,0,0,0,0,0,0,20201008,20201212
1794,1,1,1,1,1,1,1,20201008,20201212
1795,1,1,1,1,1,1,1,20201008,20201212
1796,0,0,0,0,0,0,0,20201008,20201212
1797,0,0,0,0,0,0,0,20201008,20201212
1798,0,0,0,0,0,0,1,20201008,20201212
1799,1,0,1,1,1,0,0,20201008,20201212
1800,1,1,0,1,0,0,0,20201008,20201212
1801,0,0,1,0,1,0,0,20201008,20201212
1802,1,1,0,0,1,0,0,20201008,20201212
1803,0,0,1,1,0,0,0,20201008,20201212
